1.000000000 0.000000000 0.000000000 0.000000000 0.000000000 1.000000000 0.000000000 0.000000000 0.000000000 0.000000000 1.000000000 0.000000000
0.999761939 -0.002702192 -0.021649828 -0.018358117 0.002709451 0.999996305 0.000305948 -0.003718321 0.021648921 -0.000364534 0.999765575 0.269124210
0.999066234 -0.004551030 -0.042965136 -0.053035822 0.004585221 0.999989271 0.000697272 -0.012908036 0.042961501 -0.000893625 0.999076307 0.543983400
0.997835934 -0.006922745 -0.065387070 -0.084484391 0.006975451 0.999975502 0.000577802 -0.012566566 0.065381467 -0.001032656 0.997859836 0.818996072
0.996013582 -0.009610906 -0.088682219 -0.127036259 0.009514885 0.999953568 -0.001505437 -0.007730652 0.088692568 0.000655635 0.996058822 1.095312476
0.993485451 -0.017007517 -0.112682201 -0.167177260 0.016743092 0.999854386 -0.003292612 -0.013421082 0.112721801 0.001384514 0.993625641 1.386957645
0.990691483 -0.022961820 -0.134175628 -0.220123082 0.022525966 0.999734938 -0.004765755 -0.015322674 0.134249464 0.001698957 0.990946174 1.686020136
0.987427115 -0.020810492 -0.156699210 -0.292946577 0.020652030 0.999783278 -0.002639468 -0.026596576 0.156720191 -0.000629875 0.987642884 1.987715721
0.983476996 -0.018321587 -0.180103511 -0.373585701 0.018273640 0.999831021 -0.001925478 -0.038614601 0.180108383 -0.001397483 0.983645797 2.279246569
0.979021728 -0.021003664 -0.202670276 -0.455518544 0.020655332 0.999779284 -0.003833859 -0.047908273 0.202706069 -0.000432791 0.979239583 2.588749886
0.974172175 -0.026615726 -0.224232584 -0.536278129 0.025528099 0.999643981 -0.007748593 -0.053770326 0.224359006 0.001824232 0.974504888 2.900043011
0.968778372 -0.033548769 -0.245648056 -0.622723937 0.031009043 0.999418199 -0.014200638 -0.053457029 0.245981529 0.006139958 0.969255209 3.217588902
0.963230669 -0.037394550 -0.266060740 -0.719220936 0.033371836 0.999250233 -0.019626129 -0.059853464 0.266595185 0.010025554 0.963756502 3.530226707
0.958231032 -0.040607035 -0.283098042 -0.834410548 0.034993354 0.999078333 -0.024860270 -0.063765705 0.283846647 0.013915331 0.958768666 3.837259293
0.952408016 -0.042088393 -0.301906765 -0.948441267 0.035328746 0.998988569 -0.027817994 -0.076584600 0.302772254 0.015828094 0.952931523 4.166985989
0.945945501 -0.047151580 -0.320879996 -1.078202724 0.039276432 0.998748124 -0.030974794 -0.083270378 0.321938813 0.016697442 0.946613193 4.511226654
0.938712716 -0.055923488 -0.340133786 -1.189626455 0.048020124 0.998345852 -0.031616647 -0.104840815 0.341339201 0.013345688 0.939845443 4.851653576
0.930612266 -0.065672792 -0.360066473 -1.325505137 0.057741426 0.997794271 -0.032752406 -0.121189266 0.361423224 0.009689036 0.932351530 5.205629826
0.921971560 -0.071314611 -0.380634546 -1.478026271 0.062472276 0.997413337 -0.035552390 -0.136612892 0.382185280 0.008999187 0.924041927 5.564316273
0.913048625 -0.076450787 -0.400621414 -1.639890194 0.066806093 0.997041762 -0.038009509 -0.159690946 0.402342141 0.007940578 0.915455043 5.911833286
0.903441370 -0.078282185 -0.421503901 -1.822958231 0.067269385 0.996893704 -0.040960625 -0.180079997 0.423401088 0.008651216 0.905901074 6.287102222
0.893311024 -0.081755489 -0.441940546 -2.009039879 0.068239041 0.996588111 -0.046426773 -0.208931684 0.444228351 0.011315947 0.895842135 6.633575439
0.883016109 -0.081222720 -0.462261200 -2.221516848 0.064002901 0.996549726 -0.052842200 -0.229992583 0.464958251 0.017074468 0.885167956 6.997515678
0.871027231 -0.084726535 -0.483872861 -2.445817947 0.063976206 0.996189892 -0.059269071 -0.257140577 0.487050891 0.020668637 0.873129010 7.368812084
0.858099222 -0.094215445 -0.504766405 -2.673452854 0.069649138 0.995294094 -0.067370147 -0.286001951 0.508738279 0.022653736 0.860623121 7.736535549
0.844666362 -0.103475973 -0.525196612 -2.919221878 0.075299315 0.994350970 -0.074807510 -0.314322352 0.529970527 0.023640450 0.847686470 8.134498596
0.831405044 -0.108341739 -0.545002460 -3.178777695 0.076165237 0.993770182 -0.081362233 -0.348167777 0.550421953 0.026134737 0.834477425 8.509896278
0.819692492 -0.108693011 -0.562396586 -3.457231522 0.072911382 0.993643403 -0.085770726 -0.396424413 0.568144441 0.029300503 0.822407126 8.883570671
0.809571624 -0.105224811 -0.577513278 -3.769403458 0.065753445 0.993866861 -0.088911109 -0.445209742 0.583326817 0.034006424 0.811525285 9.284114838
0.800640404 -0.103902817 -0.590067148 -4.099373817 0.061105672 0.993873537 -0.092095599 -0.492875338 0.596020937 0.037679013 0.802084327 9.696322441
0.791442931 -0.105113588 -0.602137148 -4.437289715 0.060193550 0.993717372 -0.094352998 -0.550741434 0.608271837 0.038430236 0.792797863 10.130908966
0.782681465 -0.108776852 -0.612843633 -4.785462379 0.062314264 0.993357837 -0.096732855 -0.604496241 0.619295239 0.037522115 0.784261048 10.555457115
0.773065925 -0.113270663 -0.624130487 -5.145797729 0.066586688 0.992982268 -0.097735777 -0.673888445 0.630821109 0.033997420 0.775183082 10.983951569
0.763395369 -0.113086618 -0.635955215 -5.542852879 0.064553037 0.992982924 -0.099084973 -0.727892995 0.642697811 0.034588166 0.765338480 11.459117889
0.754334748 -0.113634653 -0.646580458 -5.958008766 0.062116064 0.992841065 -0.102021083 -0.798794866 0.653544724 0.036795016 0.755993009 11.918580055
0.744384646 -0.116585635 -0.657494843 -6.390443802 0.061200157 0.992407739 -0.106683813 -0.866299510 0.664940715 0.039174993 0.745868087 12.396007538
0.734222770 -0.121123947 -0.668016434 -6.839431763 0.064065546 0.991926551 -0.109439969 -0.944431961 0.675879121 0.037556484 0.736055017 12.883232117
0.724509537 -0.123047426 -0.678192675 -7.312470436 0.064075723 0.991699159 -0.111476533 -1.020451665 0.686280072 0.037310123 0.726379812 13.374390602
0.716505051 -0.123652138 -0.686535358 -7.787145615 0.062216867 0.991569877 -0.113659173 -1.091361761 0.694801986 0.038723297 0.718157947 13.861151695
0.709280550 -0.127087712 -0.693375766 -8.292551041 0.064336136 0.991179764 -0.115859859 -1.191951990 0.701984286 0.037568025 0.711200774 14.394328117
0.705327511 -0.130652696 -0.696737468 -8.812578201 0.062984362 0.990531623 -0.121984266 -1.274236441 0.706077933 0.042155284 0.706878185 14.917180061
0.704819024 -0.132104635 -0.696978092 -9.337416649 0.060112655 0.990095794 -0.126872987 -1.369155169 0.706835568 0.047525294 0.705779612 15.425151825
0.706193030 -0.130563453 -0.695876896 -9.871133804 0.054792207 0.989980400 -0.130139962 -1.469168782 0.705896139 0.053775303 0.706271112 15.957044601
0.708766222 -0.131638780 -0.693052411 -10.413033485 0.054822158 0.989742279 -0.131927088 -1.574972391 0.703309834 0.055510834 0.708712697 16.508089066
0.712166429 -0.132177204 -0.689454854 -10.975082397 0.055748988 0.989661336 -0.132145151 -1.682406783 0.699793398 0.055672944 0.712172449 17.071018219
0.715659201 -0.129052326 -0.686423659 -11.560523987 0.051863413 0.989887595 -0.132033259 -1.799815059 0.696521580 0.058890540 0.715115130 17.677999496
0.720488071 -0.125252843 -0.682062089 -12.144001961 0.047709197 0.990175843 -0.131437302 -1.910033941 0.691824317 0.062158369 0.719385505 18.267271042
0.725099385 -0.120520361 -0.678016126 -12.731693268 0.042952400 0.990564704 -0.130142063 -2.029273987 0.687303543 0.065243512 0.723434329 18.878719330
0.730719268 -0.117813818 -0.672435284 -13.307786942 0.041127414 0.990804315 -0.128901348 -2.147829533 0.681438148 0.066535152 0.728845179 19.493267059
0.735003710 -0.116344966 -0.668007195 -13.912197113 0.039689492 0.990862310 -0.128905699 -2.270513058 0.676900506 0.068233304 0.732904971 20.143089294
0.738984585 -0.115335941 -0.663776577 -14.504764557 0.039593846 0.990969658 -0.128108099 -2.385308504 0.672557771 0.068388462 0.736877739 20.798736572
0.742453456 -0.115217499 -0.659915030 -15.102048874 0.041851830 0.991151810 -0.125963166 -2.508761168 0.668588996 0.065903135 0.740706027 21.462629318
0.744166970 -0.115414262 -0.657947481 -15.700588226 0.041841287 0.991080403 -0.126526639 -2.628110409 0.666681826 0.066627584 0.742358327 22.136972427
0.746394575 -0.117774725 -0.654999495 -16.308958054 0.041690685 0.990557671 -0.130603105 -2.754813194 0.664196491 0.070174076 0.744257033 22.817283630
0.747833371 -0.115718521 -0.653723538 -16.928096771 0.036250498 0.990340352 -0.133835435 -2.879291058 0.662895918 0.076388806 0.744804382 23.510437012
0.750223041 -0.113120221 -0.651436269 -17.554752350 0.034015033 0.990554452 -0.132834002 -3.005101681 0.660309315 0.077496484 0.746984541 24.212774277
0.752138197 -0.113813005 -0.649102926 -18.177597046 0.036956806 0.990708292 -0.130886570 -3.141463995 0.657968223 0.074456014 0.749355793 24.932800293
0.753688216 -0.111011386 -0.647788942 -18.811130524 0.034705274 0.990979075 -0.129444942 -3.271152973 0.656315207 0.075079426 0.750741959 25.661218643
0.754334152 -0.115566716 -0.646238565 -19.452091217 0.038884256 0.990520477 -0.131746203 -3.404428482 0.655338109 0.074252151 0.751677155 26.411848068
0.755024791 -0.119634099 -0.644690096 -20.096925735 0.044221662 0.990266442 -0.131972238 -3.542829275 0.654203415 0.071133040 0.752966225 27.171676636
0.755439520 -0.121001191 -0.643948615 -20.751525879 0.045045372 0.990065813 -0.133194000 -3.680440426 0.653668106 0.071613118 0.753385365 27.935333252
0.755979061 -0.116760477 -0.644098282 -21.428409576 0.041449249 0.990527213 -0.130911171 -3.815567017 0.653282166 0.072268717 0.753657460 28.709381104
0.756647885 -0.113550328 -0.643886924 -22.104537964 0.040991671 0.991104960 -0.126612335 -3.955316544 0.652536213 0.069406964 0.754572153 29.483095169
0.756949961 -0.109441631 -0.644243300 -22.787382126 0.037785780 0.991556942 -0.124045782 -4.095811844 0.652379453 0.069553226 0.754694283 30.260292053
0.757088959 -0.107992068 -0.644324601 -23.448871613 0.037187215 0.991767883 -0.122529931 -4.240770817 0.652252555 0.068805419 0.754872382 31.010313034
0.754955232 -0.110745855 -0.646357358 -24.128122330 0.040101890 0.991588950 -0.123057671 -4.391411781 0.654549062 0.066982903 0.753046513 31.820133209
0.753045857 -0.111361995 -0.648475468 -24.795137405 0.041143022 0.991613865 -0.122511245 -4.529503822 0.656680465 0.065576337 0.751312494 32.580879211
0.750542045 -0.108537719 -0.651848376 -25.453783035 0.040653288 0.992134690 -0.118389554 -4.670009613 0.659571111 0.062356569 0.749051213 33.321910858
0.746898890 -0.108127050 -0.656087279 -26.118335724 0.039829738 0.992193460 -0.118176602 -4.809168339 0.663743675 0.062134191 0.745374918 34.093235016
0.745815754 -0.107648388 -0.657396913 -26.789455414 0.037769891 0.992102683 -0.119606391 -4.935827732 0.665080667 0.064374514 0.743991673 34.833965302
0.745012999 -0.106012069 -0.658572137 -27.444463730 0.034771539 0.992120147 -0.120368682 -5.066858768 0.666143179 0.066776663 0.742828429 35.561473846
0.744505405 -0.101894811 -0.659794867 -28.088439941 0.031738453 0.992568731 -0.117473140 -5.200168133 0.666861653 0.066518523 0.742206752 36.281314850
0.744884193 -0.100071877 -0.659646213 -28.738239288 0.030820200 0.992793202 -0.115809351 -5.331902981 0.666481555 0.065934122 0.742600203 36.979621887
0.745357096 -0.099897243 -0.659138381 -29.366109848 0.031855907 0.992916822 -0.114461005 -5.455208778 0.665903926 0.064316869 0.743260026 37.684604645
0.746274948 -0.099379748 -0.658177316 -29.978227615 0.032603901 0.993062556 -0.112976894 -5.579788685 0.664838850 0.062852673 0.744337857 38.373870850
0.746597409 -0.099940501 -0.657726467 -30.569831848 0.035053015 0.993188143 -0.111124046 -5.699286461 0.664352000 0.059909627 0.745014906 39.043601990
0.746270657 -0.102598771 -0.657688081 -31.148056030 0.037957527 0.993001342 -0.111837417 -5.816081047 0.664559543 0.058496773 0.744942129 39.699047089
0.745953321 -0.103746355 -0.657867968 -31.700389862 0.040000711 0.992988408 -0.111238509 -5.924377441 0.664795995 0.056663550 0.744872928 40.323959351
0.745456755 -0.102353260 -0.658648610 -32.235671997 0.039276037 0.993168056 -0.109884694 -6.034015179 0.665395737 0.056045193 0.744383872 40.917652130
0.744639993 -0.100492373 -0.659857988 -32.743446350 0.038394239 0.993413150 -0.107963480 -6.139834404 0.666361153 0.055059195 0.743593514 41.486152649
0.743864596 -0.102677420 -0.660395861 -33.221031189 0.041230280 0.993296087 -0.107994832 -6.236357689 0.667057335 0.053105231 0.743111193 42.022396088
0.743133724 -0.104129761 -0.660991132 -33.681674957 0.040540017 0.993009269 -0.110856503 -6.322734356 0.667913854 0.055584624 0.742160082 42.534545898
0.743134916 -0.103045724 -0.661159575 -34.124229431 0.038191814 0.992992342 -0.111836776 -6.413587093 0.668050826 0.057858929 0.741862833 43.012485504
0.742509186 -0.100881584 -0.662195623 -34.555873871 0.034278758 0.993021190 -0.112844691 -6.504884720 0.668958247 0.061088987 0.740785420 43.480220795
0.741486907 -0.103735998 -0.662899673 -34.970424652 0.035194930 0.992629349 -0.115967505 -6.586012363 0.670043647 0.062657677 0.739672661 43.939846039
0.740446031 -0.105055250 -0.663854778 -35.379394531 0.036505543 0.992536962 -0.116351999 -6.669395447 0.671123743 0.061917979 0.738755107 44.393085480
0.740414321 -0.102906078 -0.664226592 -35.781311035 0.035526197 0.992820799 -0.114212833 -6.751467705 0.671211243 0.060967382 0.738754690 44.825794220
0.740381181 -0.099018916 -0.664854169 -36.182838440 0.031492129 0.993114114 -0.112838149 -6.829889774 0.671449304 0.062605567 0.738401353 45.254451752
0.740159452 -0.097001493 -0.665398121 -36.577068329 0.029389823 0.993261516 -0.112105377 -6.905324936 0.671788812 0.063419923 0.738022804 45.673336029
0.740180731 -0.096770838 -0.665408075 -36.959838867 0.028658669 0.993230700 -0.112567283 -6.977935791 0.671797037 0.064250417 0.737943530 46.089038849
0.741004765 -0.094842315 -0.664768100 -37.343864441 0.027359299 0.993417561 -0.111233726 -7.057223320 0.670942008 0.064237140 0.738722026 46.497585297
0.741573095 -0.093900412 -0.664268076 -37.709091187 0.026724327 0.993504882 -0.110606685 -7.129747391 0.670339584 0.064270824 0.739265919 46.903831482
0.742516339 -0.090480238 -0.663688838 -38.070308685 0.025661103 0.993949771 -0.106795594 -7.198177338 0.669336200 0.062266480 0.740345776 47.302207947
0.742875040 -0.087222822 -0.663723588 -38.429325104 0.026098480 0.994495153 -0.101480179 -7.261001587 0.668921232 0.058064897 0.741061926 47.698955536
0.743302941 -0.085660070 -0.663448095 -38.772098541 0.027823925 0.994868279 -0.097277999 -7.322903633 0.668376267 0.053847276 0.741871834 48.081798553
0.743615389 -0.079827607 -0.663825154 -39.127422333 0.021893352 0.995221674 -0.095154494 -7.390311241 0.668249071 0.056224991 0.741809785 48.467796326
0.744797945 -0.074794784 -0.663085043 -39.492958069 0.015672129 0.995384932 -0.094674185 -7.449728966 0.667105973 0.060121182 0.742532849 48.841655731
0.744454861 -0.075932726 -0.663340986 -39.848121643 0.015863772 0.995243132 -0.096122012 -7.510438442 0.667484403 0.061035410 0.742118061 49.236309052
0.743146360 -0.082975060 -0.663964152 -40.181407928 0.021071041 0.994691491 -0.100721881 -7.564727783 0.668796897 0.060860686 0.740949869 49.629692078
0.742853582 -0.088692561 -0.663552821 -40.527664185 0.027555171 0.994396031 -0.102065831 -7.613585472 0.668886662 0.057535656 0.741134465 50.023609161
0.744981229 -0.084542461 -0.661706626 -40.887283325 0.024151310 0.994704664 -0.099897034 -7.674073696 0.666648149 0.058440316 0.743078053 50.419067383
0.748276472 -0.076881118 -0.658916831 -41.262569427 0.017179187 0.995174527 -0.096606024 -7.734807968 0.663164318 0.060968366 0.745986462 50.812774658
0.751457095 -0.071421303 -0.655904889 -41.626873016 0.015186087 0.995732665 -0.091026649 -7.794034004 0.659607172 0.058441989 0.749334991 51.219528198
0.755264819 -0.070911057 -0.651572526 -41.981708527 0.020527443 0.996201575 -0.084623054 -7.852694035 0.655098200 0.050537698 0.753851593 51.646953583
0.759135962 -0.072504140 -0.646881640 -42.340633392 0.024885824 0.996283472 -0.082461707 -7.906732559 0.650456190 0.046501469 0.758118868 52.077632904
0.762074947 -0.076494217 -0.642954528 -42.700351715 0.030311685 0.996122956 -0.082584225 -7.960633755 0.646779120 0.043446325 0.761439025 52.514625549
0.765245140 -0.080173559 -0.638726890 -43.065425873 0.034883484 0.995920837 -0.083215706 -8.014114380 0.642793119 0.041399404 0.764920354 52.959384918
0.769095838 -0.079303801 -0.634194374 -43.442070007 0.035768267 0.996057689 -0.081176907 -8.069578171 0.638131797 0.039748795 0.768900335 53.413600922
0.772386670 -0.078794569 -0.630246162 -43.816764832 0.035681356 0.996091008 -0.080804572 -8.123706818 0.634149551 0.039924327 0.772179008 53.868255615
0.775579035 -0.078813583 -0.626311183 -44.195587158 0.035097566 0.996024311 -0.081875153 -8.177444458 0.630273998 0.041518655 0.775261760 54.334568024
0.778000295 -0.081050232 -0.623014092 -44.571727753 0.037298411 0.995853186 -0.082977191 -8.234513283 0.627155900 0.041318834 0.777797103 54.812938690
0.779721737 -0.086201720 -0.620163858 -44.953735352 0.043002553 0.995511413 -0.084307991 -8.288488388 0.624647677 0.039068136 0.779928803 55.303466797
0.781377494 -0.086655222 -0.618013144 -45.344955444 0.044139031 0.995506287 -0.083779126 -8.346831322 0.622495949 0.038184617 0.781691015 55.790458679
0.782665849 -0.085189663 -0.616584837 -45.745376587 0.044587310 0.995718300 -0.080974996 -8.403345108 0.620843112 0.035884507 0.783113182 56.300720215
0.783618927 -0.082706064 -0.615711868 -46.151927948 0.044923466 0.996047735 -0.076620772 -8.462053299 0.619615436 0.032381579 0.784237385 56.818088531
0.783834219 -0.081586428 -0.615587115 -46.556266785 0.046412688 0.996255755 -0.072940268 -8.530055046 0.619233191 0.028602028 0.784685969 57.330902100
0.783794343 -0.081419356 -0.615660071 -46.972431183 0.046949361 0.996299982 -0.071986914 -8.580902100 0.619243145 0.027518099 0.784716964 57.858417511
0.783193469 -0.082409702 -0.616292655 -47.395790100 0.048563506 0.996257424 -0.071502835 -8.642407417 0.619878650 0.026071221 0.784264505 58.380306244
0.781328380 -0.082906492 -0.618589103 -47.824535370 0.048875913 0.996221900 -0.071784541 -8.703622818 0.622203410 0.025853179 0.782428622 58.915573120
0.778617740 -0.084798872 -0.621742308 -48.241001129 0.049928032 0.996057510 -0.073325716 -8.761898994 0.625509024 0.026050329 0.779781938 59.448562622
0.774884164 -0.086307980 -0.626183212 -48.681629181 0.051864080 0.995975375 -0.073096782 -8.816156387 0.629971862 0.024165126 0.776241839 59.997783661
0.771020591 -0.085140027 -0.631092966 -49.115329742 0.051872835 0.996125638 -0.071011968 -8.875800133 0.634693921 0.022015113 0.772449970 60.516807556
0.767116785 -0.079704724 -0.636536658 -49.578880310 0.049398929 0.996644616 -0.065263391 -8.941287994 0.639602661 0.018620409 0.768480062 61.050704956
0.762382209 -0.076145723 -0.642631352 -50.033531189 0.047734588 0.996964931 -0.061501201 -8.997621536 0.645363986 0.016211689 0.763703167 61.577850342
0.755865157 -0.078429945 -0.650012791 -50.481754303 0.050991777 0.996835589 -0.060981657 -9.055589676 0.652738690 0.012948612 0.757472515 62.098125458
0.748291731 -0.080433577 -0.658475459 -50.929172516 0.052136153 0.996682346 -0.062498443 -9.109354019 0.661317885 0.012436690 0.750002801 62.597003937
0.739204824 -0.083005376 -0.668345988 -51.380088806 0.052146703 0.996450901 -0.066079080 -9.169883728 0.671458781 0.013993942 0.740909755 63.093254089
0.729593694 -0.082325108 -0.678907692 -51.865230560 0.049097631 0.996471584 -0.068070099 -9.228118896 0.682116151 0.016330747 0.731061280 63.596466064
0.718889236 -0.082003474 -0.690270662 -52.336246490 0.048323736 0.996510446 -0.068057217 -9.282262802 0.693442881 0.015569146 0.720343411 64.070251465
0.707831621 -0.079115078 -0.701936662 -52.824241638 0.047670744 0.996792793 -0.064277135 -9.336297989 0.704770684 0.012035546 0.709333122 64.546112061
0.696281254 -0.074403748 -0.713902235 -53.313415527 0.045501813 0.997187674 -0.059549388 -9.393763542 0.716325402 0.008979274 0.697708607 65.007804871
0.684839785 -0.069181874 -0.725402176 -53.807842255 0.041428942 0.997569323 -0.056026228 -9.451601028 0.727515101 0.008316335 0.686041355 65.456390381
0.672291875 -0.067067459 -0.737241864 -54.299507141 0.038733244 0.997710347 -0.055441584 -9.503406525 0.739272177 0.008717154 0.673350334 65.890960693
0.658549964 -0.070928603 -0.749186814 -54.805400848 0.040467568 0.997445703 -0.058860470 -9.551500320 0.751448035 0.008444794 0.659738183 66.323692322
0.645710647 -0.073691234 -0.760017991 -55.321563721 0.038565658 0.997209251 -0.063923918 -9.604395866 0.762607574 0.011965770 0.646750689 66.744186401
0.634228706 -0.075702012 -0.769430339 -55.848804474 0.035884656 0.997004628 -0.068513252 -9.656096458 0.772312105 0.015842328 0.635045528 67.155860901
0.625278294 -0.072553046 -0.777021945 -56.386806488 0.029527649 0.997155547 -0.069346398 -9.714195251 0.779843032 0.020417169 0.625642061 67.560325623
0.618350804 -0.066788733 -0.783059120 -56.896881104 0.025163645 0.997554064 -0.065212712 -9.761232376 0.785499275 0.020619713 0.618519008 67.961196899
0.615373611 -0.057022806 -0.786170363 -57.446022034 0.020249305 0.998194396 -0.056551285 -9.808505058 0.787975490 0.018880764 0.615417123 68.368545532
0.615918398 -0.051548261 -0.786121786 -57.992057800 0.020162545 0.998561502 -0.049681403 -9.865080833 0.787551999 0.014749476 0.616071820 68.789222717
0.618622661 -0.050186284 -0.784083784 -58.531951904 0.018648041 0.998614609 -0.049204752 -9.916618347 0.785466850 0.015817553 0.618701518 69.204666138
0.623725176 -0.053843316 -0.779787064 -59.067031860 0.018428182 0.998360276 -0.054195441 -9.960004807 0.781426430 0.019433007 0.623694718 69.634765625
0.631298184 -0.057613440 -0.773397148 -59.597789764 0.019605348 0.998103678 -0.058349524 -10.004480362 0.775292337 0.021673229 0.631230533 70.078392029
0.641110778 -0.057800654 -0.765268624 -60.125633240 0.019751750 0.998072147 -0.058837071 -10.050235748 0.767194152 0.022605678 0.641016483 70.525146484
0.652690351 -0.055795763 -0.755567372 -60.655300140 0.020562554 0.998221636 -0.055952065 -10.102531433 0.757345676 0.020982977 0.652677000 70.984687805
0.664253652 -0.054130100 -0.745544732 -61.178588867 0.023635723 0.998396933 -0.051429771 -10.152410507 0.747133434 0.016540928 0.664468169 71.463134766
0.676056266 -0.055255227 -0.734775186 -61.706172943 0.028422188 0.998397768 -0.048928827 -10.190744400 0.736301541 0.012194723 0.676543653 71.950042725
0.687177062 -0.053524457 -0.724515557 -62.230838776 0.029952276 0.998521745 -0.045358315 -10.232238770 0.725872278 0.009468308 0.687764347 72.456405640
0.699014246 -0.048643727 -0.713451385 -62.724506378 0.030247310 0.998802066 -0.038463943 -10.281761169 0.714467764 0.005306861 0.699648261 72.954582214
0.710010111 -0.041025773 -0.702995420 -63.247787476 0.028316619 0.999157310 -0.029710177 -10.316208839 0.703621984 0.001188077 0.710573614 73.481468201
0.719515741 -0.039777815 -0.693336010 -63.765686035 0.032925438 0.999189436 -0.023156460 -10.345798492 0.693695247 -0.006166955 0.720242321 74.027557373
0.726470113 -0.039171070 -0.686080754 -64.274795532 0.036099397 0.999170959 -0.018822063 -10.378195763 0.686249137 -0.011093430 0.727281928 74.580429077
0.731925726 -0.042785279 -0.680039823 -64.791625977 0.040680822 0.998990178 -0.019067608 -10.407302856 0.680168927 -0.013708507 0.732927322 75.143669128
0.735983312 -0.042968318 -0.675634682 -65.294029236 0.040048312 0.998999417 -0.019907854 -10.426323891 0.675814092 -0.012406186 0.736967742 75.692222595
0.739088595 -0.039230932 -0.672464788 -65.820823669 0.039764214 0.999102652 -0.014582829 -10.442045212 0.672433555 -0.015962038 0.739985406 76.269172668
0.741494477 -0.031845473 -0.670202792 -66.355003357 0.038287695 0.999253750 -0.005120218 -10.464929581 0.669865608 -0.021863909 0.742160380 76.852828979
0.744017661 -0.030270245 -0.667473853 -66.893486023 0.042313658 0.999102652 0.001856300 -10.479161263 0.666818738 -0.029624380 0.744630814 77.452369690
0.746079624 -0.031629793 -0.665105104 -67.426994324 0.044162448 0.999022245 0.002029501 -10.492702484 0.664390504 -0.030886833 0.746747077 78.054534912
0.748854995 -0.034422301 -0.661839485 -67.962631226 0.046216048 0.998931348 0.000337845 -10.499579430 0.661120594 -0.030840600 0.749645591 78.656578064
0.751406968 -0.032390684 -0.659043610 -68.493438721 0.045786824 0.998946428 0.003107495 -10.505655289 0.658248544 -0.032510497 0.752098322 79.266212463
0.754640758 -0.027061751 -0.655579925 -69.056831360 0.045540839 0.998899937 0.011188554 -10.509845734 0.654555857 -0.038298994 0.755042970 79.901176453
0.757733464 -0.019481257 -0.652273476 -69.602600098 0.044483487 0.998771310 0.021845594 -10.513332367 0.651046395 -0.045568533 0.757668853 80.541091919
0.761694551 -0.015155443 -0.647758961 -70.158882141 0.042161457 0.998766899 0.026209429 -10.510375977 0.646563053 -0.047274042 0.761394382 81.180541992
0.765791237 -0.015512911 -0.642902136 -70.707862854 0.043303065 0.998683929 0.027482579 -10.503356934 0.641629636 -0.048885547 0.765455127 81.832298279
0.770084679 -0.013486626 -0.637799084 -71.278045654 0.041897427 0.998687267 0.029469553 -10.488214493 0.636564255 -0.049416192 0.769638777 82.494316101
0.774029255 -0.009626489 -0.633076549 -71.823165894 0.040349815 0.998601913 0.034148972 -10.473043442 0.631862640 -0.051976830 0.773335636 83.168388367
0.777741075 -0.008982240 -0.628520608 -72.365745544 0.043866724 0.998235643 0.040015485 -10.455318451 0.627052248 -0.058692835 0.776762903 83.835861206
0.781254053 -0.011263422 -0.624111533 -72.908012390 0.047845904 0.997976303 0.041882228 -10.436260223 0.622376740 -0.062581837 0.780211926 84.518592834
0.784294009 -0.015720716 -0.620190144 -73.442260742 0.052252721 0.997800589 0.040786456 -10.415513992 0.618184865 -0.064395197 0.783390462 85.212600708
0.786987364 -0.017431920 -0.616722822 -73.979896545 0.054151356 0.997694731 0.040901199 -10.394353867 0.614588082 -0.065585107 0.786117077 85.892349243
0.789180636 -0.016284710 -0.613945365 -74.528953552 0.054064475 0.997609735 0.043034531 -10.370786667 0.611777067 -0.067154646 0.788174629 86.587890625
0.790597498 -0.012410049 -0.612210453 -75.083396912 0.053679660 0.997350156 0.049103782 -10.346893311 0.609978735 -0.071684569 0.789168715 87.299827576
0.791589975 -0.009092192 -0.610985100 -75.639160156 0.053067047 0.997134447 0.053914923 -10.317182541 0.608744025 -0.075101674 0.789804101 88.014694214
0.792031348 -0.012024101 -0.610361993 -76.179534912 0.057461474 0.996835589 0.054926813 -10.290676117 0.607770085 -0.078576058 0.790215969 88.720947266
0.791836917 -0.013666030 -0.610579669 -76.729698181 0.058770582 0.996814907 0.053906493 -10.259559631 0.607898235 -0.078569286 0.790117979 89.436172485
0.791650712 -0.014511541 -0.610801637 -77.297058105 0.058381926 0.996939957 0.051982440 -10.221872330 0.608178139 -0.076811716 0.790075541 90.150939941
0.790600598 -0.014997635 -0.612148523 -77.859016418 0.061423261 0.996600032 0.054912522 -10.188777924 0.609243751 -0.081014022 0.788833857 90.880592346
0.789110184 -0.014882969 -0.614071369 -78.422698975 0.065601535 0.996030688 0.060160670 -10.151428223 0.610738575 -0.087757446 0.786954284 91.604904175
0.787027955 -0.013945799 -0.616759717 -78.997573853 0.068357199 0.995559633 0.064717501 -10.111663818 0.613118470 -0.093094461 0.784486532 92.331466675
0.784099519 -0.014665509 -0.620461881 -79.573814392 0.071277082 0.995233834 0.066551559 -10.068939209 0.616528690 -0.096407749 0.781407654 93.066146851
0.780574858 -0.016430441 -0.624846458 -80.153297424 0.073738627 0.995094597 0.065950073 -10.022178650 0.620697796 -0.097554289 0.777957261 93.797134399
0.776103079 -0.018428477 -0.630336702 -80.752990723 0.077405207 0.994798124 0.066221476 -9.974719048 0.625837326 -0.100186042 0.773492396 94.534805298
0.771092057 -0.015327743 -0.636539161 -81.368209839 0.076914586 0.994631827 0.069222406 -9.924408913 0.632061064 -0.102335989 0.768131673 95.266815186
0.766296208 -0.014925698 -0.642314196 -81.996215820 0.077963762 0.994502544 0.069903001 -9.883162498 0.637739658 -0.103643611 0.763247192 96.003501892
0.761478066 -0.016842317 -0.647971809 -82.624084473 0.081622168 0.994196594 0.070078522 -9.828388214 0.643031120 -0.106252126 0.758433521 96.741836548
0.757087111 -0.014188638 -0.653159916 -83.269393921 0.080187678 0.994222939 0.071349144 -9.776530266 0.648374140 -0.106392898 0.753851116 97.474021912
0.752845228 -0.012721503 -0.658074617 -83.926414490 0.081162930 0.993977070 0.073636398 -9.725459099 0.653174222 -0.108848080 0.749343336 98.213356018
0.748173892 -0.016803855 -0.663289785 -84.565979004 0.087811247 0.993393481 0.073882103 -9.682009697 0.657666266 -0.113520950 0.744706631 98.945114136
0.743861735 -0.020296669 -0.668025255 -85.232154846 0.089906327 0.993492424 0.069927454 -9.623016357 0.662258744 -0.112076052 0.740845740 99.683685303
0.740327418 -0.023467751 -0.671836674 -85.898284912 0.092476048 0.993444681 0.067201845 -9.569453239 0.665855467 -0.111880176 0.737644553 100.420051575
0.737607658 -0.024696605 -0.674777865 -86.587074280 0.093401179 0.993456006 0.065737814 -9.525333405 0.668738723 -0.111513764 0.735087395 101.164314270
0.735421181 -0.026326977 -0.677098632 -87.282272339 0.097136281 0.993020535 0.066892534 -9.473989487 0.670611739 -0.114965007 0.732845783 101.923980713
0.733311534 -0.027348619 -0.679342568 -87.983016968 0.102806993 0.992161810 0.071032360 -9.417943954 0.672075033 -0.121930003 0.730375290 102.685859680
0.730863512 -0.029280059 -0.681895256 -88.684234619 0.105796508 0.991863787 0.070804097 -9.362120628 0.674274147 -0.123890281 0.728014708 103.451980591
0.729449332 -0.032488566 -0.683262885 -89.427658081 0.104729146 0.992399037 0.064620756 -9.311657906 0.675970137 -0.118695103 0.727307320 104.216316223
0.729053259 -0.034317322 -0.683596075 -90.115715027 0.102226622 0.992999494 0.059174668 -9.269059181 0.676779926 -0.113023192 0.727457643 104.956787109
0.729778886 -0.031225339 -0.682969868 -90.841392517 0.098277643 0.993372977 0.059596412 -9.222562790 0.676582932 -0.110612877 0.728011310 105.716125488
0.730357051 -0.024615876 -0.682621896 -91.580703735 0.092759326 0.993667185 0.063413478 -9.174781799 0.676738024 -0.109634019 0.728015125 106.483238220
0.731823742 -0.021212339 -0.681163788 -92.325790405 0.090315141 0.993718147 0.066086434 -9.138415337 0.675482988 -0.109883018 0.729142308 107.261718750
0.732563078 -0.025572442 -0.680218756 -93.041099548 0.094943017 0.993364573 0.064904116 -9.080836296 0.674045384 -0.112128384 0.730130076 108.046920776
0.733822644 -0.030894991 -0.678638279 -93.773063660 0.093857996 0.993995905 0.056238525 -9.038268089 0.672826290 -0.104964726 0.732316434 108.829460144
0.734749019 -0.034587014 -0.677456677 -94.509521484 0.089670353 0.994887173 0.046460569 -8.997655869 0.672386110 -0.094884627 0.734093964 109.619537354
0.736103892 -0.038221657 -0.675788581 -95.253059387 0.089608908 0.995119393 0.041324098 -8.970770836 0.670910835 -0.090975508 0.735936224 110.423065186
0.737576962 -0.039010197 -0.674135327 -95.996383667 0.089872971 0.995119452 0.040746160 -8.943241119 0.669255614 -0.090639979 0.737483084 111.233398438
0.738878071 -0.041321184 -0.672571063 -96.738784790 0.093609065 0.994734406 0.041723613 -8.915861130 0.667305350 -0.093787409 0.738855481 112.053337097
0.739368200 -0.043934409 -0.671866357 -97.489067078 0.098105393 0.994248927 0.042946439 -8.889217377 0.666115582 -0.097666927 0.739426255 112.887245178
0.740030766 -0.050311800 -0.670688510 -98.227302551 0.102030419 0.994054854 0.038010139 -8.862869263 0.664788842 -0.096559308 0.740764439 113.708091736
0.740556836 -0.054343365 -0.669792771 -98.972053528 0.102872759 0.994144201 0.033081844 -8.843938828 0.664072812 -0.093402416 0.741810799 114.532363892
0.741385758 -0.052136995 -0.669050694 -99.725639343 0.100163683 0.994406760 0.033502016 -8.825356483 0.663561821 -0.091852494 0.742461324 115.350204468
0.742372811 -0.047962260 -0.668268085 -100.478324890 0.097657368 0.994527996 0.037108395 -8.808438301 0.662831664 -0.092809573 0.742994428 116.171661377
0.742819190 -0.045755133 -0.667926848 -101.234420776 0.094625384 0.994821906 0.037086897 -8.784902573 0.662771225 -0.090751693 0.743302286 117.002296448
0.743803442 -0.040846646 -0.667149127 -101.994468689 0.090128198 0.995144367 0.039555419 -8.760496140 0.662293971 -0.089550406 0.743873358 117.832130432
0.744165123 -0.039322335 -0.666837335 -102.734649658 0.090011105 0.995064378 0.041771606 -8.740420341 0.661903560 -0.091107734 0.744031608 118.657852173
0.744200706 -0.042491674 -0.666603208 -103.481048584 0.090630248 0.995169103 0.037744615 -8.716438293 0.661778986 -0.088503972 0.744456470 119.488441467
0.744141996 -0.047591168 -0.666324019 -104.225708008 0.091193348 0.995358288 0.030751605 -8.701991081 0.661767662 -0.083647877 0.745027840 120.321014404
0.744062066 -0.052236564 -0.666065335 -104.981262207 0.092399530 0.995404184 0.025154406 -8.685716629 0.661690235 -0.080260545 0.745469213 121.165679932
0.743857145 -0.052844409 -0.666246235 -105.747970581 0.094012022 0.995230854 0.026025102 -8.676069260 0.661693513 -0.081994101 0.745277584 122.021095276
0.744175553 -0.051125586 -0.666024804 -106.511657715 0.091192916 0.995507300 0.025475968 -8.670833588 0.661729991 -0.079695337 0.745494425 122.857528687
0.744769633 -0.054182585 -0.665118456 -107.271858215 0.089056015 0.995853007 0.018595655 -8.666775703 0.661352634 -0.073082276 0.746506393 123.695564270
0.745265424 -0.059933029 -0.664068758 -108.027114868 0.087300569 0.996149302 0.008071234 -8.669461250 0.661028028 -0.063988797 0.747627914 124.529602051
0.745478451 -0.064148217 -0.663435578 -108.779891968 0.087651774 0.996148765 0.002172551 -8.678874969 0.660741150 -0.059770908 0.748230159 125.384025574
0.746322930 -0.064668745 -0.662434936 -109.540969849 0.089679852 0.995963335 0.003807803 -8.694818497 0.659514606 -0.062248919 0.749109805 126.230300903
0.746337354 -0.067237608 -0.662162960 -110.286895752 0.095766582 0.995380163 0.006867170 -8.704196930 0.658641994 -0.068538308 0.749328434 127.086708069
0.746720493 -0.068778805 -0.661572337 -111.041015625 0.099129558 0.995038688 0.008441256 -8.717668533 0.657709479 -0.071884617 0.749833941 127.936683655
0.746253788 -0.073005944 -0.661645830 -111.779724121 0.102984495 0.994662285 0.006402705 -8.729064941 0.657646894 -0.072917312 0.749789178 128.801116943
0.747572780 -0.073082514 -0.660146773 -112.541000366 0.100273862 0.994954050 0.003405713 -8.743769646 0.656566858 -0.068741493 0.751128852 129.649047852
0.748477101 -0.072123036 -0.659226894 -113.292106628 0.096470445 0.995335639 0.000636050 -8.766639709 0.656106174 -0.064071983 0.751943767 130.497268677
0.749289215 -0.068488382 -0.658691823 -114.033752441 0.092785828 0.995684028 0.002020110 -8.782794952 0.655710638 -0.062630922 0.752409935 131.343750000
0.750291407 -0.063216180 -0.658077776 -114.784416199 0.091052443 0.995812654 0.008151596 -8.801465034 0.654807031 -0.066035666 0.752905726 132.191787720
0.752389550 -0.061490893 -0.655842066 -115.529045105 0.091073066 0.995782137 0.011116840 -8.810349464 0.652392328 -0.068093747 0.754816115 133.028503418
0.754149199 -0.062686481 -0.653704286 -116.267295837 0.090725146 0.995833755 0.009170808 -8.820732117 0.650405884 -0.066223584 0.756694496 133.881881714
0.755928516 -0.068036526 -0.651109159 -117.003425598 0.093962297 0.995562971 0.005059275 -8.828687668 0.647875965 -0.065004177 0.758967221 134.732437134
0.757309735 -0.071274400 -0.649154782 -117.738777161 0.095442370 0.995432854 0.002049674 -8.839767456 0.646043956 -0.063509129 0.760653555 135.589187622
0.758251846 -0.072334811 -0.647936642 -118.455261230 0.097269818 0.995254338 0.002721678 -8.864447594 0.644665003 -0.065088399 0.761689246 136.449676514
0.759974957 -0.071406707 -0.646017909 -119.186904907 0.096748419 0.995301545 0.003800484 -8.885320663 0.642711222 -0.065389477 0.763312876 137.302505493
0.762708187 -0.068961255 -0.643055618 -119.913116455 0.093926013 0.995568395 0.004638017 -8.897374153 0.639885902 -0.063937105 0.765805483 138.153991699
0.765509248 -0.066045277 -0.640026212 -120.633560181 0.093273632 0.995601416 0.008823179 -8.914290428 0.636628211 -0.066451795 0.768302381 139.000488281
0.766963601 -0.063156344 -0.638575077 -121.381195068 0.091191158 0.995772183 0.011041705 -8.915052414 0.635177970 -0.066700988 0.769480288 139.903076172
0.768482745 -0.066776872 -0.636376619 -122.094650269 0.094479419 0.995480120 0.009633823 -8.923316002 0.632857025 -0.067527920 0.771318316 140.768875122
0.769878566 -0.068601646 -0.634492576 -122.798500061 0.093313657 0.995621085 0.005577569 -8.937029839 0.631331563 -0.063500874 0.772908807 141.625320435
0.771185637 -0.071826667 -0.632545412 -123.510185242 0.093954958 0.995575309 0.001498452 -8.946082115 0.629639030 -0.060586367 0.774521828 142.486663818
0.771221519 -0.072404340 -0.632435739 -124.212959290 0.094793096 0.995495617 0.001625897 -8.963988304 0.629469335 -0.061204463 0.774611115 143.342864990
0.771605194 -0.070156246 -0.632221103 -124.914489746 0.093205228 0.995641589 0.003269673 -8.984679222 0.629236221 -0.061449211 0.774781168 144.201278687
0.771704078 -0.069615923 -0.632160127 -125.598678589 0.091924198 0.995762765 0.002558427 -8.996967316 0.629303277 -0.060085163 0.774833620 145.023834229
0.771058023 -0.066719033 -0.633259833 -126.286712646 0.089914083 0.995939136 0.004549280 -9.016424179 0.630384743 -0.060446743 0.773925781 145.864761353
0.770387888 -0.065823816 -0.634168506 -126.969512939 0.089905575 0.995933056 0.005843931 -9.033667564 0.631204665 -0.061517380 0.773172796 146.696456909
0.769323170 -0.064596929 -0.635585725 -127.643531799 0.089770302 0.995934665 0.007438884 -9.050014496 0.632521272 -0.062779628 0.771994531 147.512344360
0.767690778 -0.066378839 -0.637373209 -128.311325073 0.089972094 0.995933592 0.004646943 -9.066202164 0.634472787 -0.060913235 0.770541251 148.315292358
0.766095579 -0.068999067 -0.639012158 -128.985137939 0.090272598 0.995916843 0.000688734 -9.081812859 0.636355519 -0.058212921 0.769196332 149.116897583
0.764613867 -0.071875058 -0.640468180 -129.648010254 0.091011539 0.995845020 -0.003103554 -9.103615761 0.638030112 -0.055916984 0.767978430 149.901916504
0.763716102 -0.071077578 -0.641627371 -130.316558838 0.089552857 0.995975077 -0.003738211 -9.128301620 0.639310539 -0.054604627 0.767007411 150.677841187
0.762738287 -0.069215387 -0.642992675 -130.991088867 0.086822838 0.996214688 -0.004246223 -9.148628235 0.640852630 -0.052587681 0.765860558 151.468750000
0.761795580 -0.068495519 -0.644186258 -131.664489746 0.085009851 0.996365368 -0.005412172 -9.166032791 0.642215550 -0.050639194 0.764849544 152.262039185
0.760749876 -0.069258422 -0.645339370 -132.318923950 0.085793212 0.996296167 -0.005787231 -9.200377464 0.643349946 -0.050963100 0.763874054 153.035751343
0.760271609 -0.069301307 -0.645898104 -132.983032227 0.086383507 0.996248364 -0.005211927 -9.225096703 0.643836141 -0.051832478 0.763405800 153.809295654
0.760612607 -0.067721136 -0.645664215 -133.650039673 0.084145039 0.996438861 -0.005387027 -9.245010376 0.643729866 -0.050231993 0.763602436 154.577850342
0.761444569 -0.067245327 -0.644732654 -134.321990967 0.084599517 0.996406972 -0.004010781 -9.278955460 0.642685890 -0.051490083 0.764397562 155.376525879
0.762920976 -0.066539407 -0.643058479 -134.983078003 0.083763696 0.996478677 -0.003732203 -9.293683052 0.641042292 -0.051017582 0.765807927 156.156158447
0.765452743 -0.063957863 -0.640305698 -135.645538330 0.081749678 0.996651292 -0.001824387 -9.319430351 0.638278246 -0.050948296 0.768117964 156.937210083
0.767384470 -0.066926226 -0.637684882 -136.307785034 0.082681932 0.996562958 -0.005092435 -9.342339516 0.635833919 -0.048817158 0.770280540 157.723098755
0.768288374 -0.073985867 -0.635813594 -136.899169922 0.087201864 0.996134877 -0.010543521 -9.366527557 0.634136260 -0.047343668 0.771770656 158.488250732
0.769755900 -0.081324875 -0.633136749 -137.536773682 0.091685668 0.995652676 -0.016419407 -9.396960258 0.631719589 -0.045410641 0.773865700 159.273300171
0.770816088 -0.085954130 -0.631232321 -138.170715332 0.096340388 0.995187998 -0.017869471 -9.427742004 0.629730761 -0.047039084 0.775387943 160.066284180
0.772565961 -0.086424418 -0.629025340 -138.809555054 0.098905645 0.994980156 -0.015229084 -9.463526726 0.627183974 -0.050448690 0.777235627 160.852844238
