1.000000000 0.000000000 0.000000000 0.000000000 0.000000000 1.000000000 0.000000000 0.000000000 0.000000000 0.000000000 1.000000000 0.000000000
0.999970853 0.000211286 -0.007629939 0.302324802 -0.000206513 0.999999762 0.000626252 -0.032274559 0.007630071 -0.000624658 0.999970675 1.563048244
0.999905109 0.001675048 -0.013674372 0.255204260 -0.001632356 0.999993742 0.003132715 -0.069288753 0.013679533 -0.003110096 0.999901533 3.941077471
0.999805212 0.002396289 -0.019590933 0.211525440 -0.002298288 0.999984682 0.005023414 -0.100471549 0.019602671 -0.004977411 0.999795437 6.341541767
0.999680459 0.002476845 -0.025160903 0.155098364 -0.002362547 0.999986768 0.004571387 -0.128717467 0.025171893 -0.004510482 0.999672949 8.741108894
0.999536693 0.002312909 -0.030348627 0.086560071 -0.002210076 0.999991834 0.003421496 -0.161849231 0.030356284 -0.003352838 0.999533534 11.114933968
0.999368072 0.001499849 -0.035517562 0.000843704 -0.001414833 0.999996066 0.002418660 -0.194990128 0.035521060 -0.002366880 0.999366045 13.470646858
0.999170721 0.001807939 -0.040676117 -0.094582021 -0.001728595 0.999996543 0.001985704 -0.230417296 0.040679570 -0.001913745 0.999170363 15.852210999
0.998935819 0.002759326 -0.046039924 -0.202318072 -0.002688180 0.999995053 0.001607145 -0.264767408 0.046044137 -0.001481671 0.998938322 18.225589752
0.998684049 0.004881254 -0.051051956 -0.322721958 -0.004845341 0.999987841 0.000827200 -0.307357073 0.051055379 -0.000578748 0.998695612 20.622930527
0.998386979 0.006580144 -0.056394726 -0.462342083 -0.006623640 0.999977887 -0.000584363 -0.350550890 0.056389645 0.000956958 0.998408377 23.029239655
0.998061836 0.007940647 -0.061721671 -0.606188297 -0.007996987 0.999967813 -0.000665819 -0.397980988 0.061714400 0.001158116 0.998093128 25.425453186
0.997702241 0.008847806 -0.067170225 -0.762946725 -0.008839643 0.999960840 0.000418738 -0.442976177 0.067171291 0.000175985 0.997741461 27.786199570
0.997319579 0.009842988 -0.072502986 -0.933856010 -0.009706995 0.999950409 0.002227821 -0.490065813 0.072521336 -0.001518063 0.997365654 30.119319916
0.996914446 0.009091148 -0.077967651 -1.115683198 -0.008840201 0.999954581 0.003563184 -0.524700999 0.077996500 -0.002862940 0.996949494 32.484157562
0.996492505 0.007374823 -0.083356649 -1.307863832 -0.007056044 0.999966562 0.004118223 -0.563414991 0.083384238 -0.003515610 0.996511281 34.809188843
0.996024430 0.005422664 -0.088913746 -1.515022516 -0.005006383 0.999975443 0.004904204 -0.596565068 0.088938147 -0.004439570 0.996027231 37.157299042
0.995525539 0.004167778 -0.094400808 -1.730300426 -0.003604765 0.999974668 0.006133823 -0.631189585 0.094423987 -0.005766084 0.995515347 39.472702026
0.995017409 0.002866808 -0.099660248 -1.963626385 -0.002302728 0.999980688 0.005774608 -0.665636897 0.099674873 -0.005516344 0.995004773 41.785385132
0.994451284 0.002993008 -0.105155632 -2.210199594 -0.002615839 0.999989629 0.003724506 -0.697766781 0.105165668 -0.003428770 0.994448721 44.102783203
0.993922532 0.003263432 -0.110032782 -2.472101688 -0.003037903 0.999992907 0.002217232 -0.740130723 0.110039227 -0.001869488 0.993925631 46.439407349
0.993380368 0.004677296 -0.114776380 -2.744750977 -0.004524131 0.999988496 0.001594925 -0.783433676 0.114782520 -0.001065104 0.993390083 48.757297516
0.992888868 0.005832611 -0.118902072 -3.020121336 -0.005586772 0.999981523 0.002400795 -0.824616790 0.118913881 -0.001719444 0.992903054 51.053504944
0.992402077 0.006355864 -0.122873873 -3.306952000 -0.005936536 0.999975204 0.003778494 -0.861447155 0.122894838 -0.003020340 0.992415249 53.361175537
0.991962850 0.006795687 -0.126346201 -3.609598875 -0.006207256 0.999967992 0.005050423 -0.898891926 0.126376450 -0.004225569 0.991973341 55.679153442
0.991495669 0.006298441 -0.129987225 -3.918693066 -0.005831943 0.999975145 0.003969149 -0.934760451 0.130008981 -0.003177316 0.991507709 57.967994690
0.990976393 0.005427917 -0.133926243 -4.221649170 -0.005012094 0.999981523 0.003441814 -0.972619414 0.133942440 -0.002739505 0.990985334 60.246662140
0.990479529 0.003634083 -0.137612328 -4.541574001 -0.003144509 0.999987960 0.003774861 -1.009032249 0.137624398 -0.003306199 0.990478992 62.514686584
0.989942908 0.001885617 -0.141454890 -4.870804787 -0.001203448 0.999987245 0.004907909 -1.044957638 0.141462371 -0.004688317 0.989932537 64.793350220
0.989355743 0.000008518 -0.145516947 -5.200919151 0.000732931 0.999987006 0.005041666 -1.080862403 0.145515099 -0.005094656 0.989342928 67.060630798
0.988791943 -0.001092268 -0.149296120 -5.550973415 0.001553836 0.999994516 0.002975023 -1.116778374 0.149292022 -0.003173661 0.988788068 69.335968018
0.988224804 -0.001560937 -0.153000832 -5.898274422 0.001935836 0.999995470 0.002301369 -1.162613511 0.152996525 -0.002570456 0.988223314 71.590759277
0.987636268 -0.001939609 -0.156750888 -6.257195950 0.002433628 0.999992669 0.002959757 -1.196889639 0.156743973 -0.003304636 0.987633884 73.839355469
0.987076759 -0.001900841 -0.160236388 -6.635561466 0.002630205 0.999987066 0.004339824 -1.235649228 0.160226077 -0.004705193 0.987069130 76.089454651
0.986524999 -0.002650433 -0.163588986 -7.014572144 0.003562241 0.999979734 0.005280677 -1.269652128 0.163571715 -0.005792263 0.986514449 78.340179443
0.986002028 -0.003805193 -0.166689485 -7.402140617 0.004672023 0.999977529 0.004808441 -1.306733251 0.166667417 -0.005519911 0.985997736 80.608940125
0.985517085 -0.004022287 -0.169528365 -7.793533802 0.004610002 0.999984622 0.003073299 -1.345176697 0.169513375 -0.003810314 0.985520542 82.839637756
0.985072851 -0.004779892 -0.172071427 -8.192155838 0.004845631 0.999988258 -0.000037976 -1.384862542 0.172069594 -0.000796385 0.985084474 85.073097229
0.984661579 -0.005537641 -0.174386814 -8.592836380 0.005595307 0.999984324 -0.000160958 -1.431959987 0.174384952 -0.000817259 0.984677136 87.295143127
0.984190941 -0.008017087 -0.176929265 -8.987285614 0.008555642 0.999960721 0.002281211 -1.471302032 0.176904067 -0.003758891 0.984220922 89.524795532
0.983632207 -0.012286443 -0.179768607 -9.398368835 0.013047915 0.999910235 0.003053974 -1.512090683 0.179714948 -0.005349593 0.983704209 91.741142273
0.983000278 -0.016082937 -0.182898432 -9.816783905 0.016525561 0.999863029 0.000896087 -1.549396992 0.182858974 -0.003903353 0.983131409 93.999107361
0.982472956 -0.017786773 -0.185554668 -10.238700867 0.017614566 0.999841452 -0.002576725 -1.592128754 0.185571074 -0.000736902 0.982630491 96.212738037
0.982119799 -0.015627716 -0.187607124 -10.676415443 0.015251474 0.999877751 -0.003448850 -1.644199014 0.187638074 0.000525899 0.982238114 98.426094055
0.981830359 -0.010386743 -0.189476237 -11.118261337 0.010062247 0.999945819 -0.002674532 -1.700533986 0.189493746 0.000719381 0.981881678 100.642517090
0.981589437 -0.005472803 -0.190924376 -11.558254242 0.005200659 0.999984741 -0.001926448 -1.747475386 0.190931931 0.000898048 0.981602848 102.832366943
0.981282830 -0.000969891 -0.192569673 -12.009963036 0.000878903 0.999999404 -0.000557919 -1.800727606 0.192570105 0.000378227 0.981283128 105.042022705
0.980929792 0.001466307 -0.194356725 -12.457533836 -0.001444367 0.999998868 0.000254599 -1.840194464 0.194356874 0.000030979 0.980930865 107.233467102
0.980535924 0.001924715 -0.196330309 -12.900650024 -0.001877731 0.999998093 0.000425451 -1.893336058 0.196330771 -0.000048514 0.980537713 109.427391052
0.980143964 0.000488981 -0.198286608 -13.351759911 -0.000217707 0.999998987 0.001389890 -1.937321544 0.198287085 -0.001319124 0.980143070 111.639068604
0.979797959 -0.002329887 -0.199975997 -13.806925774 0.002933776 0.999992013 0.002723526 -1.974945784 0.199968070 -0.003255190 0.979797006 113.816390991
0.979455590 -0.005664959 -0.201580301 -14.260688782 0.006450348 0.999973953 0.003239498 -2.009295464 0.201556697 -0.004473208 0.979466617 116.015335083
0.979155064 -0.008679960 -0.202928588 -14.721837044 0.009237750 0.999955714 0.001801693 -2.048095942 0.202903941 -0.003638740 0.979191840 118.198448181
0.979025781 -0.010546527 -0.203463048 -15.181693077 0.010833417 0.999941289 0.000296312 -2.090489388 0.203447998 -0.002494297 0.979082584 120.368698120
0.979018390 -0.012242387 -0.203403845 -15.641967773 0.012344782 0.999923527 -0.000765394 -2.135079861 0.203397661 -0.001761641 0.979094625 122.541069031
0.979038358 -0.014061821 -0.203190029 -16.107631683 0.014265129 0.999898136 -0.000463997 -2.177424192 0.203175873 -0.002444261 0.979139149 124.729896545
0.979122341 -0.016321490 -0.202615380 -16.563991547 0.016913923 0.999856174 0.001192681 -2.220298767 0.202566773 -0.004594801 0.979257643 126.913719177
0.979265273 -0.019163711 -0.201673687 -17.018707275 0.020214846 0.999790668 0.003153589 -2.258651018 0.201571032 -0.007165002 0.979447663 129.105316162
0.979469419 -0.023096034 -0.200265944 -17.475793839 0.024356682 0.999695957 0.003832926 -2.296463490 0.200116560 -0.008632044 0.979734063 131.292495728
0.979771793 -0.027559457 -0.198211282 -17.926027298 0.028912656 0.999574184 0.003935630 -2.335036993 0.198018417 -0.009586834 0.980151415 133.463653564
0.980210006 -0.031569749 -0.195426837 -18.374191284 0.032785412 0.999457955 0.002988079 -2.369076729 0.195226565 -0.009336093 0.980713665 135.638305664
0.980768085 -0.034897991 -0.192031533 -18.813121796 0.035852436 0.999355972 0.001496715 -2.408081532 0.191855624 -0.008352730 0.981387615 137.804290771
0.981351495 -0.037309229 -0.188566133 -19.243366241 0.038042963 0.999276161 0.000272121 -2.445783615 0.188419461 -0.007440662 0.982060432 139.978027344
0.981987774 -0.038673848 -0.184944123 -19.670093536 0.039268658 0.999228597 -0.000447012 -2.488495111 0.184818745 -0.006823548 0.982748926 142.141357422
0.982541442 -0.039856654 -0.181724176 -20.084926605 0.040240996 0.999188721 -0.001573071 -2.527586937 0.181639433 -0.005767155 0.983348310 144.298919678
0.982843280 -0.041984722 -0.179600418 -20.488954544 0.041992858 0.999110818 -0.003758251 -2.577030420 0.179598555 -0.003848165 0.983732402 146.461212158
0.983013391 -0.043301854 -0.178352624 -20.895217896 0.043188188 0.999056697 -0.004521632 -2.629041195 0.178380191 -0.003257902 0.983956218 148.650573730
0.983260512 -0.044551831 -0.176674426 -21.298847198 0.044576693 0.998998642 -0.003830263 -2.677226067 0.176668152 -0.004109417 0.984261870 150.803894043
0.983457267 -0.045587473 -0.175310090 -21.700000763 0.046072625 0.998937249 -0.001303790 -2.727788687 0.175183177 -0.006794772 0.984512389 152.994262695
0.983588398 -0.047863297 -0.173962563 -22.095922470 0.048672635 0.998814702 0.000386738 -2.764613152 0.173737854 -0.008847606 0.984752119 155.158645630
0.983575404 -0.051382948 -0.173029438 -22.484409332 0.052374121 0.998626769 0.001164557 -2.805269003 0.172732010 -0.010207694 0.984915972 157.321563721
0.983584046 -0.054485410 -0.172028422 -22.871097565 0.055510581 0.998457432 0.001150732 -2.838415623 0.171700358 -0.010681240 0.985091329 159.503036499
0.983687937 -0.056277528 -0.170854151 -23.254463196 0.057381820 0.998351097 0.001527958 -2.871981144 0.170486465 -0.011306955 0.985295057 161.650878906
0.983861923 -0.057146769 -0.169558257 -23.631465912 0.058184635 0.998305142 0.001154321 -2.911353350 0.169204921 -0.011001377 0.985519469 163.804046631
0.984151781 -0.057192456 -0.167851612 -24.012378693 0.057966691 0.998318434 -0.000287529 -2.945354223 0.167585820 -0.009446830 0.985812247 165.951354980
0.984480917 -0.057281889 -0.165880397 -24.387134552 0.057689197 0.998331785 -0.002365730 -2.990758419 0.165739179 -0.007240491 0.986143053 168.096725464
0.984918594 -0.056199059 -0.163637012 -24.754188538 0.056212649 0.998408437 -0.004551127 -3.035699606 0.163632333 -0.004715979 0.986510098 170.255294800
0.985484302 -0.054246448 -0.160866112 -25.126022339 0.054087676 0.998521864 -0.005369020 -3.081610918 0.160919547 -0.003409791 0.986961663 172.413040161
0.985995114 -0.052600496 -0.158261523 -25.496450424 0.052449901 0.998610377 -0.005131033 -3.130374670 0.158311486 -0.003241628 0.987384021 174.549697876
0.986465693 -0.051666763 -0.155615047 -25.858816147 0.051606115 0.998657703 -0.004432397 -3.174813986 0.155635133 -0.003658281 0.987807810 176.709121704
0.986865640 -0.051276822 -0.153188959 -26.209394455 0.051418085 0.998672605 -0.003042100 -3.223256350 0.153141633 -0.004874540 0.988192201 178.861679077
0.987069607 -0.053661093 -0.151043415 -26.550359726 0.053899787 0.998543203 -0.002516297 -3.267842531 0.150958389 -0.005657448 0.988523901 181.022445679
0.987138867 -0.058207478 -0.148892358 -26.890525818 0.058420956 0.998287678 -0.002943184 -3.306479692 0.148808733 -0.005793101 0.988849044 183.169052124
0.987105250 -0.062764890 -0.147253603 -27.217243195 0.063064121 0.998005986 -0.002640322 -3.352970839 0.147125721 -0.006680144 0.989095271 185.322265625
0.987072468 -0.066951513 -0.145620897 -27.538614273 0.067318805 0.997728586 -0.002409578 -3.393691063 0.145451427 -0.007424599 0.989337504 187.483078003
0.987204015 -0.069978423 -0.143287241 -27.854547501 0.070384875 0.997517407 -0.002236402 -3.436446667 0.143088028 -0.007877472 0.989678621 189.620376587
0.987548053 -0.071131803 -0.140317947 -28.168458939 0.071551614 0.997434795 -0.002057213 -3.477831364 0.140104339 -0.008008379 0.990104318 191.771835327
0.987987459 -0.071715727 -0.136885196 -28.481264114 0.072064474 0.997397184 -0.002412531 -3.521296740 0.136701867 -0.007481010 0.990583956 193.914779663
0.988482177 -0.071181320 -0.133553371 -28.773090363 0.071339764 0.997445583 -0.003604723 -3.562415123 0.133468792 -0.005964460 0.991035044 196.037780762
0.989210546 -0.068767346 -0.129358143 -29.071601868 0.068813063 0.997621059 -0.004121451 -3.616782665 0.129333809 -0.004824546 0.991589308 198.166168213
0.989999771 -0.066286609 -0.124525331 -29.371000290 0.066289887 0.997791827 -0.004121867 -3.661978245 0.124523595 -0.004174123 0.992207885 200.302322388
0.990645111 -0.065243341 -0.119857594 -29.652160645 0.065279767 0.997860372 -0.003626602 -3.704877138 0.119837768 -0.004231601 0.992784441 202.429138184
0.991086364 -0.066953629 -0.115173891 -29.911907196 0.066948876 0.997748733 -0.003914064 -3.751928329 0.115176663 -0.003831585 0.993337631 204.556304932
0.991428435 -0.069037281 -0.110921085 -30.165779114 0.068983145 0.997608423 -0.004330264 -3.795505047 0.110954762 -0.003358538 0.993819773 206.691604614
0.991758823 -0.070716366 -0.106834352 -30.409454346 0.070679143 0.997490525 -0.004139450 -3.845503569 0.106858984 -0.003445624 0.994268239 208.815414429
0.992012382 -0.072888955 -0.102949418 -30.643539429 0.072775856 0.997336507 -0.004859301 -3.890459538 0.103029385 -0.002671746 0.994674742 210.956909180
0.992243767 -0.074586816 -0.099443808 -30.857999802 0.074351773 0.997213602 -0.006072742 -3.941912174 0.099619679 -0.001368182 0.995024621 213.083770752
0.992550611 -0.075330622 -0.095752388 -31.077981949 0.075077020 0.997158051 -0.006253424 -3.996341467 0.095951341 -0.000981965 0.995385468 215.213195801
0.992924809 -0.075406596 -0.091728665 -31.289730072 0.075220816 0.997151732 -0.005485920 -4.045018673 0.091881081 -0.001452799 0.995768845 217.353500366
0.993236780 -0.075575672 -0.088141888 -31.488115311 0.075550385 0.997135401 -0.003627708 -4.097905159 0.088163570 -0.003055981 0.996101320 219.469650269
0.993610144 -0.074697353 -0.084611230 -31.668899536 0.074797742 0.997196734 -0.001987492 -4.142641068 0.084522493 -0.004353936 0.996412039 221.602645874
0.994023025 -0.073693834 -0.080543824 -31.850196838 0.073821083 0.997270525 -0.001400750 -4.182242393 0.080427200 -0.004553454 0.996750057 223.730072021
0.994361341 -0.073956706 -0.075998746 -32.021293640 0.073992886 0.997256041 -0.002343350 -4.229603291 0.075963520 -0.003293230 0.997105181 225.861068726
0.994667351 -0.074735560 -0.071072988 -32.177940369 0.074631602 0.997202635 -0.004120914 -4.269039631 0.071182147 -0.001205351 0.997462571 227.987976074
0.995013833 -0.074890278 -0.065870881 -32.339916229 0.074778423 0.997191489 -0.004165248 -4.319959164 0.065997809 -0.000781240 0.997819424 230.100723267
0.995222449 -0.076774023 -0.060316440 -32.485225677 0.076642349 0.997048497 -0.004496995 -4.368417263 0.060483661 -0.000147284 0.998169184 232.201507568
0.995516002 -0.077016555 -0.054920908 -32.610244751 0.076832175 0.997029066 -0.005464016 -4.417534828 0.055178564 0.001219822 0.998475671 234.345718384
0.995859027 -0.076540142 -0.049053516 -32.738475800 0.076312363 0.997062743 -0.006501864 -4.470524311 0.049407076 0.002731550 0.998775005 236.471008301
0.996209323 -0.075284794 -0.043580167 -32.848999023 0.075062558 0.997156203 -0.006716308 -4.523107529 0.043961868 0.003419611 0.999027371 238.584640503
0.996505260 -0.074493721 -0.037788142 -32.949859619 0.074299350 0.997214556 -0.006523916 -4.571928501 0.038168877 0.003693482 0.999264479 240.706832886
0.996771157 -0.073609456 -0.032076273 -33.040927887 0.073449053 0.997280002 -0.006151573 -4.619369030 0.032441843 0.003775738 0.999466419 242.826019287
0.996958792 -0.073229305 -0.026656682 -33.112071991 0.073083401 0.997305274 -0.006407931 -4.671862602 0.027054092 0.004440282 0.999624074 244.954895020
0.997094750 -0.073143460 -0.021259367 -33.172489166 0.073017031 0.997308433 -0.006664991 -4.722435951 0.021689646 0.005093333 0.999751747 247.057037354
0.997222006 -0.072741389 -0.016026955 -33.222736359 0.072660334 0.997341096 -0.005583396 -4.776629448 0.016390486 0.004403361 0.999855936 249.167694092
0.997231781 -0.073566899 -0.010799365 -33.256191254 0.073518708 0.997282445 -0.004794736 -4.825838566 0.011122752 0.003987509 0.999930203 251.267913818
0.997300327 -0.073226348 -0.005477595 -33.284675598 0.073200747 0.997305989 -0.004735042 -4.873408794 0.005809570 0.004321296 0.999973714 253.365966797
0.997303128 -0.073392056 -0.000089015 -33.304080963 0.073390581 0.997289598 -0.005225597 -4.920158863 0.000472291 0.005204972 0.999986291 255.465194702
0.997263849 -0.073731206 0.005330542 -33.309093475 0.073761724 0.997259140 -0.005776188 -4.971127510 -0.004890046 0.006153574 0.999969125 257.558959961
0.997223139 -0.073708639 0.010630210 -33.296176910 0.073781788 0.997252166 -0.006660684 -5.022499084 -0.010110051 0.007426502 0.999921262 259.678771973
0.997128904 -0.074016042 0.015987353 -33.277595520 0.074126236 0.997228205 -0.006412476 -5.072900295 -0.015468415 0.007579147 0.999851644 261.781341553
0.996966600 -0.074938655 0.021020118 -33.242908478 0.075091988 0.997154772 -0.006601358 -5.130013943 -0.020465612 0.008159776 0.999757171 263.860900879
0.996769369 -0.075961702 0.026088061 -33.199237823 0.076168261 0.997070432 -0.007015689 -5.178640842 -0.025478709 0.008980107 0.999634981 265.954162598
0.996536791 -0.077164613 0.030983981 -33.143363953 0.077411965 0.996975482 -0.006863257 -5.230354309 -0.030360667 0.009238017 0.999496460 268.038635254
0.996324062 -0.077669039 0.036136877 -33.085647583 0.077915803 0.996944964 -0.005469130 -5.280577660 -0.035601690 0.008264661 0.999331832 270.123931885
0.996141136 -0.077515811 0.041159991 -33.014217377 0.077766366 0.996961474 -0.004518979 -5.332829475 -0.040684637 0.007702405 0.999142349 272.194915771
0.995986879 -0.076674022 0.046165138 -32.930477142 0.076946959 0.997026503 -0.004161777 -5.382905483 -0.045708768 0.007697343 0.998925149 274.275451660
0.995826900 -0.075550899 0.051193353 -32.840705872 0.075875886 0.997107327 -0.004431617 -5.433494568 -0.050710462 0.008297464 0.998678863 276.344177246
0.995593429 -0.074964978 0.056337632 -32.737159729 0.075343423 0.997146964 -0.004620745 -5.483979702 -0.055830505 0.008845054 0.998401105 278.411346436
0.995348871 -0.074440025 0.061150245 -32.623176575 0.074859984 0.997183561 -0.004602814 -5.528229713 -0.060635380 0.009159112 0.998117924 280.489288330
0.995051682 -0.073991992 0.066312701 -32.501548767 0.074426085 0.997218132 -0.004096154 -5.581153393 -0.065825127 0.009011276 0.997790456 282.565673828
0.994694531 -0.074182168 0.071272627 -32.366897583 0.074627928 0.997204900 -0.003608052 -5.624846458 -0.070805766 0.008907840 0.997450352 284.640594482
0.994188547 -0.075902864 0.076340899 -32.226539612 0.076297775 0.997082531 -0.002265496 -5.672723770 -0.075946219 0.008076970 0.997079134 286.710784912
0.993519843 -0.079278655 0.081444897 -32.062675476 0.079719231 0.996815026 -0.002166863 -5.714273453 -0.081013709 0.008645545 0.996675491 288.778106689
0.992878675 -0.081883192 0.086527385 -31.886543274 0.082631819 0.996567130 -0.005100043 -5.758601189 -0.085812733 0.012213639 0.996236384 290.835388184
0.992424250 -0.081259236 0.092146687 -31.714748383 0.082362011 0.996568501 -0.008222225 -5.807346821 -0.091162346 0.015749320 0.995711505 292.884826660
0.992113173 -0.078438699 0.097768664 -31.522863388 0.079731695 0.996772170 -0.009383075 -5.855975151 -0.096717082 0.017104337 0.995164931 294.954986572
0.991641283 -0.076386213 0.103983477 -31.325653076 0.077936657 0.996898472 -0.010924043 -5.914365768 -0.102826521 0.018936856 0.994519055 296.988891602
0.991195977 -0.074593738 0.109389864 -31.111671448 0.076325350 0.997013986 -0.011722955 -5.971548080 -0.108188778 0.019968966 0.993929803 299.060302734
0.990725696 -0.072070412 0.115188830 -30.891059875 0.073993213 0.997180402 -0.012499293 -6.034378052 -0.113963217 0.020906566 0.993264973 301.108856201
0.990203381 -0.070804477 0.120349564 -30.653545380 0.072701290 0.997288108 -0.011438359 -6.094368935 -0.119213313 0.020075874 0.992665648 303.160095215
0.989477694 -0.070839778 0.126157090 -30.409633636 0.072793126 0.997287095 -0.010935552 -6.150066376 -0.125040159 0.020003853 0.991949975 305.214874268
0.988693058 -0.072394818 0.131320477 -30.151550293 0.074327983 0.997184992 -0.009872972 -6.203577995 -0.130236030 0.019522123 0.991290748 307.264465332
0.987894654 -0.073954388 0.136362761 -29.880973816 0.075759262 0.997093320 -0.008086882 -6.258525848 -0.135368332 0.018319732 0.990625978 309.295806885
0.987096965 -0.074576594 0.141696602 -29.604209900 0.076476485 0.997039258 -0.008002395 -6.312351227 -0.140680254 0.018735597 0.989877820 311.344268799
0.986263752 -0.075357042 0.146986648 -29.306514740 0.077548780 0.996945798 -0.009229890 -6.363844872 -0.145842224 0.020501746 0.989095390 313.385040283
0.985292077 -0.076386452 0.152855366 -29.009220123 0.078895435 0.996828616 -0.010407551 -6.416601181 -0.151575580 0.022314066 0.988193750 315.435363770
0.984474897 -0.077406615 0.157535404 -28.688148499 0.079983838 0.996745229 -0.010076411 -6.470594883 -0.156242669 0.022520261 0.987461865 317.449096680
0.983628988 -0.077823073 0.162534788 -28.364234924 0.080316715 0.996730387 -0.008817907 -6.519596100 -0.161317140 0.021727810 0.986663342 319.476806641
0.982800126 -0.077221774 0.167751208 -28.025787354 0.079709977 0.996784866 -0.008140013 -6.571177483 -0.166583315 0.021371454 0.985795677 321.528167725
0.981884718 -0.077199213 0.173039064 -27.683418274 0.079662882 0.996794879 -0.007327720 -6.621945858 -0.171918750 0.020979764 0.984887719 323.581207275
0.981031597 -0.077274360 0.177779734 -27.320972443 0.079684064 0.996799350 -0.006443743 -6.663052559 -0.176712796 0.020487728 0.984049201 325.598724365
0.980165064 -0.076720886 0.182730049 -26.948181152 0.079237275 0.996834695 -0.006499099 -6.707063675 -0.181652993 0.020849228 0.983141601 327.647308350
0.979207397 -0.077313587 0.187551200 -26.577892303 0.079880565 0.996785402 -0.006156060 -6.756685734 -0.186472401 0.021009754 0.982235491 329.671264648
0.978213251 -0.077190444 0.192718476 -26.200897217 0.079890907 0.996783972 -0.006269005 -6.807500362 -0.191614747 0.021528875 0.981234133 331.709259033
0.977423668 -0.076393731 0.196994707 -25.785083771 0.079458103 0.996808589 -0.007687114 -6.850916862 -0.195778772 0.023166398 0.980374396 333.732025146
0.976663947 -0.075314797 0.201134637 -25.364021301 0.078606568 0.996870160 -0.008417836 -6.898865700 -0.199871153 0.024031898 0.979527414 335.778747559
0.975497603 -0.075927071 0.206493303 -24.968589783 0.079176791 0.996832311 -0.007507343 -6.946401119 -0.205269217 0.023672869 0.978419185 337.759552002
0.974572361 -0.076329179 0.210671663 -24.538299561 0.079357445 0.996828496 -0.005945155 -6.993659496 -0.209549740 0.022512347 0.977538764 339.786407471
0.973312199 -0.077681519 0.215937212 -24.116577148 0.080452599 0.996750116 -0.004058741 -7.045414925 -0.214920223 0.021323137 0.976398826 341.761352539
0.972218037 -0.076718837 0.221147820 -23.675842285 0.079408124 0.996836782 -0.003282120 -7.088215828 -0.220196456 0.020751867 0.975234807 343.775817871
0.971051514 -0.074955143 0.226805314 -23.232330322 0.077555850 0.996984661 -0.002564257 -7.135667324 -0.225929275 0.020080104 0.973936677 345.770629883
0.969649315 -0.074324504 0.232929930 -22.768127441 0.077400461 0.996991694 -0.004080045 -7.178154945 -0.231926024 0.021985089 0.972484946 347.767456055
0.968217075 -0.072665304 0.239322931 -22.290039062 0.076581933 0.997038066 -0.007094418 -7.226480484 -0.238098532 0.025196750 0.970914066 349.760528564
0.966635585 -0.071755879 0.245899796 -21.802093506 0.076437928 0.997028649 -0.009536170 -7.281413555 -0.244484857 0.028014075 0.969248354 351.759002686
0.965071559 -0.071274817 0.252105087 -21.293678284 0.076559201 0.997002125 -0.011201523 -7.336298943 -0.250550896 0.030111236 0.967635036 353.766967773
0.963289499 -0.072437741 0.258507937 -20.776466370 0.078259483 0.996857166 -0.012287578 -7.394134998 -0.256805450 0.032067191 0.965930998 355.768463135
0.961661696 -0.072648205 0.264440596 -20.236305237 0.078943387 0.996791124 -0.013242144 -7.455990314 -0.262630075 0.033610303 0.964311063 357.760131836
0.959828615 -0.073581778 0.270767003 -19.692565918 0.079817288 0.996736348 -0.012074128 -7.520491600 -0.268994927 0.033200983 0.962569118 359.753021240
0.958049893 -0.074565306 0.276731521 -19.132698059 0.080029137 0.996756494 -0.008486486 -7.582166195 -0.275201082 0.030277072 0.960909784 361.738037109
0.956243992 -0.075943835 0.282542467 -18.565299988 0.080694951 0.996725261 -0.005198873 -7.628840446 -0.281222433 0.027771140 0.959240735 363.708404541
0.954522252 -0.075968027 0.288298696 -17.983833313 0.080736354 0.996724546 -0.004666866 -7.672590256 -0.286999851 0.027730815 0.957529187 365.681518555
0.952862144 -0.075927630 0.293749452 -17.395744324 0.080999233 0.996700943 -0.005119822 -7.720335960 -0.292391658 0.028671965 0.955868721 367.644805908
0.951369345 -0.075816445 0.298577368 -16.790771484 0.080772385 0.996723354 -0.004274637 -7.767569542 -0.297275007 0.028183561 0.954375863 369.598937988
0.949588180 -0.076889403 0.303924888 -16.189239502 0.081807926 0.996642232 -0.003463437 -7.814699173 -0.302638084 0.028152304 0.952689707 371.556091309
0.948339105 -0.078489013 0.307396501 -15.567680359 0.083425738 0.996509731 -0.002930463 -7.857126236 -0.306093514 0.028423851 0.951577008 373.509979248
0.947357357 -0.080385961 0.309922874 -14.939025879 0.085557349 0.996328354 -0.003105798 -7.902043819 -0.308535278 0.029458476 0.950756609 375.468383789
0.946520925 -0.082684293 0.311867416 -14.310676575 0.087956876 0.996120155 -0.002852279 -7.945161343 -0.310421616 0.030130627 0.950121284 377.399871826
0.945478916 -0.082801193 0.314982206 -13.682785034 0.088461056 0.996072769 -0.003689211 -7.991592407 -0.313439786 0.031351730 0.949090421 379.328552246
0.944296181 -0.080778062 0.319029301 -13.048439026 0.086577162 0.996237040 -0.004013355 -8.033778191 -0.317504585 0.031410445 0.947736382 381.248321533
0.942453027 -0.079748511 0.324688226 -12.396194458 0.085560963 0.996326268 -0.003639300 -8.080091476 -0.323205113 0.031210503 0.945814133 383.188964844
0.940576375 -0.078820571 0.330307961 -11.737457275 0.084392071 0.996429384 -0.002537150 -8.121054649 -0.328928590 0.030261755 0.943869829 385.121215820
0.938649356 -0.078302838 0.335866034 -11.067527771 0.083467312 0.996510029 -0.000943710 -8.160082817 -0.334619999 0.028919647 0.941909254 387.050354004
0.936766863 -0.077012002 0.341375053 -10.386955261 0.082191803 0.996616304 -0.000712212 -8.195432663 -0.340165049 0.028725404 0.939926922 388.981323242
0.934899688 -0.075770989 0.346729428 -9.686851501 0.081124820 0.996703506 -0.000929706 -8.238042831 -0.345515937 0.028997544 0.937964737 390.911956787
0.932885408 -0.074679904 0.352346063 -8.985275269 0.080694579 0.996735930 -0.002391488 -8.279826164 -0.351017356 0.030663405 0.935866714 392.835113525
0.930746675 -0.075187102 0.357851654 -8.258041382 0.081895798 0.996634364 -0.003605320 -8.322494507 -0.356376171 0.032662183 0.933771491 394.754913330
0.928749919 -0.075276561 0.362983465 -7.532104492 0.082218125 0.996607482 -0.003688545 -8.364896774 -0.361474395 0.033269551 0.931788266 396.653533936
0.926669836 -0.075045064 0.368308693 -6.803802490 0.082140021 0.996614218 -0.003599402 -8.410289764 -0.366791576 0.033588335 0.929696620 398.542327881
0.924630225 -0.074963473 0.373415887 -6.038711548 0.082216524 0.996608257 -0.003509900 -8.451729774 -0.371886283 0.033946313 0.927657425 400.452850342
0.922478259 -0.076242857 0.378445148 -5.273941040 0.083500035 0.996503890 -0.002776296 -8.494924545 -0.376910448 0.034161266 0.925619543 402.341796875
0.920221210 -0.076521210 0.383845657 -4.498367310 0.084256008 0.996438503 -0.003348934 -8.533838272 -0.382222265 0.035423055 0.923391223 404.236694336
0.917992473 -0.076716438 0.389107108 -3.710952759 0.085189685 0.996354401 -0.004540479 -8.577075958 -0.387340337 0.037316039 0.921181321 406.132843018
0.915496469 -0.076923333 0.394904107 -2.942687988 0.085891314 0.996291697 -0.005052149 -8.625613213 -0.393051058 0.038544048 0.918708444 407.973846436
0.913273335 -0.077530243 0.399901122 -2.136932373 0.086782761 0.996214449 -0.005050332 -8.668375969 -0.397995740 0.039316848 0.916544378 409.834716797
0.910714090 -0.079033807 0.405405074 -1.323379517 0.088105649 0.996104121 -0.003732532 -8.710351944 -0.403530627 0.039117750 0.914129496 411.693145752
0.908397675 -0.079958186 0.410390556 -0.521713257 0.088403046 0.996083438 -0.001608427 -8.756584167 -0.408654600 0.037740864 0.911908388 413.520935059
0.905905485 -0.079766966 0.415899634 0.313461304 0.088288717 0.996094108 -0.001264286 -8.794699669 -0.414174318 0.037864562 0.909409642 415.383056641
0.903431535 -0.078637876 0.421458900 1.154479980 0.087395355 0.996172607 -0.001468243 -8.831958771 -0.419730335 0.038160000 0.906846344 417.233825684
0.901121259 -0.077683941 0.426550984 2.002578735 0.086560994 0.996245503 -0.001429295 -8.868448257 -0.424838424 0.038210653 0.904462397 419.067901611
0.898918509 -0.076445505 0.431394756 2.868011475 0.085545771 0.996332765 -0.001700336 -8.908793449 -0.429682761 0.038432460 0.902161598 420.905456543
0.897208631 -0.075485237 0.435107499 3.756607056 0.084838472 0.996392548 -0.002079713 -8.944377899 -0.433380842 0.038779795 0.900376081 422.747833252
0.895494819 -0.073621385 0.438940644 4.614974976 0.082745478 0.996569335 -0.001661549 -8.984927177 -0.437312454 0.037808258 0.898514509 424.529266357
0.893778265 -0.072842121 0.442554474 5.494873047 0.082100600 0.996622443 -0.001770678 -9.023048401 -0.440930754 0.037916582 0.896739900 426.347442627
0.891969323 -0.074234992 0.445959330 6.384521484 0.082897834 0.996558070 0.000083326 -9.058426857 -0.444430590 0.036894735 0.895053208 428.158386230
0.890119970 -0.076199591 0.449310631 7.288497925 0.084255241 0.996442080 0.002072516 -9.089798927 -0.447869986 0.036011986 0.893373191 429.977783203
0.888299346 -0.076374777 0.452869952 8.197769165 0.084902383 0.996388137 0.001501955 -9.119291306 -0.451348960 0.037115544 0.891575336 431.790832520
0.886642098 -0.075618096 0.456232101 9.121582031 0.085177839 0.996365726 -0.000392297 -9.150650978 -0.454544395 0.039208699 0.889860690 433.608398438
0.884607673 -0.075553395 0.460174769 10.030273438 0.085374251 0.996348739 -0.000532783 -9.194764137 -0.458454311 0.039758373 0.887828171 435.386718750
0.882892847 -0.075155690 0.463521153 10.963516235 0.085180715 0.996365249 -0.000696673 -9.227754593 -0.461783946 0.040098153 0.886085570 437.187896729
0.881093502 -0.074909098 0.466971964 11.906433105 0.084966071 0.996383727 -0.000481517 -9.263810158 -0.465247214 0.040101040 0.884271979 438.991729736
0.879088759 -0.075010732 0.470718831 12.850006104 0.085852958 0.996306598 -0.001569300 -9.305199623 -0.468862534 0.041792162 0.882281899 440.762939453
0.877012908 -0.074729435 0.474619716 13.802093506 0.086732708 0.996225774 -0.003409682 -9.345545769 -0.472573608 0.044155374 0.880184352 442.544342041
0.874881268 -0.074443586 0.478582144 14.756027222 0.086985104 0.996201336 -0.004055391 -9.389473915 -0.476462245 0.045177497 0.878033340 444.312927246
0.872619092 -0.075140290 0.482586652 15.725372314 0.087743916 0.996136725 -0.003557941 -9.432009697 -0.480454981 0.045448769 0.875841022 446.092102051
0.870366096 -0.076028839 0.486500233 16.692565918 0.088809654 0.996043384 -0.003224859 -9.470664978 -0.484330148 0.046012726 0.873674512 447.851440430
0.868317485 -0.076022528 0.490148187 17.676132202 0.088261805 0.996095538 -0.001863854 -9.509734154 -0.488092750 0.044879768 0.871637106 449.615661621
0.866157055 -0.075365774 0.494056582 18.661178589 0.087657660 0.996149182 -0.001719940 -9.552042961 -0.492024422 0.044797584 0.869427979 451.374572754
0.864117980 -0.072858855 0.497987658 19.655502319 0.085643798 0.996321738 -0.002842400 -9.595128059 -0.495948881 0.045105726 0.867179394 453.138061523
0.861947536 -0.071053691 0.501993835 20.665191650 0.084592082 0.996406734 -0.004214293 -9.641095161 -0.499890625 0.046097197 0.864860952 454.900970459
0.859564543 -0.068870105 0.506365180 21.673217773 0.082290649 0.996599734 -0.004143632 -9.683111191 -0.504358053 0.045230839 0.862309217 456.653747559
0.857346594 -0.067779541 0.510257542 22.698760986 0.080860160 0.996719420 -0.003464922 -9.724256516 -0.508348763 0.044230148 0.860014677 458.399475098
0.854736686 -0.068824932 0.514478624 23.737091064 0.081604764 0.996662199 -0.002245707 -9.760702133 -0.512606859 0.043903396 0.857500255 460.147491455
0.851860583 -0.071688980 0.518839180 24.781356812 0.083450004 0.996511757 0.000676774 -9.803396225 -0.517077982 0.042720623 0.854871631 461.887634277
0.848658085 -0.075237863 0.523563445 25.831115723 0.086679585 0.996232688 0.002660774 -9.832977295 -0.521791220 0.043124169 0.851982534 463.621826172
0.845805109 -0.077074610 0.527895033 26.906112671 0.088877209 0.996037960 0.003024180 -9.862235069 -0.526036561 0.044359963 0.849304199 465.358917236
0.842391849 -0.078348257 0.533139229 27.978408813 0.091656514 0.995789528 0.001514911 -9.891182899 -0.531013131 0.047589533 0.846026182 467.064147949
0.839247644 -0.077492379 0.538199008 29.059844971 0.092253365 0.995735407 -0.000485890 -9.918272972 -0.535866141 0.050058443 0.842817545 468.777038574
0.835867584 -0.076365963 0.543593228 30.152420044 0.092562623 0.995703995 -0.002450737 -9.957458496 -0.541070700 0.052364908 0.839345217 470.485595703
0.832396805 -0.074063815 0.549208581 31.260238647 0.091280505 0.995816946 -0.004056016 -9.995005608 -0.546610832 0.053508256 0.835675418 472.206237793
0.829143882 -0.073264562 0.554213583 32.389373779 0.090051442 0.995932341 -0.003065717 -10.039673805 -0.551734626 0.052449655 0.832368791 473.919281006
0.825938702 -0.072890580 0.559027791 33.518997192 0.088592313 0.996067405 -0.001015841 -10.072834969 -0.556755304 0.050364599 0.829148233 475.605438232
0.822549522 -0.073696911 0.563898027 34.662261963 0.087597340 0.996153057 0.002412213 -10.107062340 -0.561906457 0.047411814 0.825840890 477.302947998
0.818825305 -0.073910773 0.569264770 35.810073853 0.086090982 0.996271968 0.005518977 -10.135248184 -0.567550421 0.044489481 0.822135746 478.999511719
0.815392017 -0.074235052 0.574129760 36.977325439 0.085440300 0.996315241 0.007479450 -10.156940460 -0.572569430 0.042955138 0.818730175 480.682373047
0.811836481 -0.073887326 0.579190969 38.154861450 0.085697666 0.996296883 0.006977327 -10.177331924 -0.577561617 0.043970868 0.815162063 482.358184814
0.808311343 -0.072934680 0.584220290 39.328277588 0.086386234 0.996249914 0.004851249 -10.194499969 -0.582383215 0.046547271 0.811580598 484.020629883
0.805135727 -0.071020700 0.588822961 40.528274536 0.086400203 0.996258438 0.002022840 -10.224108696 -0.586763501 0.049245752 0.808259487 485.700805664
0.802491188 -0.070460066 0.592489004 41.738342285 0.087690376 0.996147692 -0.000307352 -10.250535965 -0.590184867 0.052202228 0.805578470 487.364013672
0.800413728 -0.070663117 0.595268548 42.958740234 0.088668227 0.996060789 -0.000985285 -10.280713081 -0.592854023 0.053570032 0.803526163 489.030456543
0.798218846 -0.070470229 0.598231137 44.169158936 0.088023268 0.996118426 -0.000108887 -10.321695328 -0.595901310 0.052745175 0.801323593 490.673767090
0.796168804 -0.070208155 0.600987494 45.401519775 0.087114118 0.996197820 0.000971181 -10.355248451 -0.598770559 0.051581271 0.799257815 492.336730957
0.793647349 -0.070559725 0.604272425 46.626586914 0.086411588 0.996255457 0.002838434 -10.387820244 -0.602210045 0.049963437 0.796772718 493.968536377
0.790605426 -0.070232965 0.608284831 47.871856689 0.085886806 0.996299207 0.003403769 -10.412426949 -0.606272638 0.049552608 0.793711543 495.618347168
0.787149549 -0.069654092 0.612816274 49.117141724 0.085671566 0.996318281 0.003200487 -10.442446709 -0.610782981 0.049981661 0.790218949 497.262207031
0.783896029 -0.069718212 0.616965413 50.383529663 0.087149866 0.996193528 0.001841914 -10.474353790 -0.614745378 0.052324586 0.786988080 498.887481689
0.780497789 -0.069566600 0.621276021 51.661758423 0.088454805 0.996080101 0.000410650 -10.503105164 -0.618869305 0.054634344 0.783591688 500.523284912
0.777030408 -0.068630226 0.625710368 52.939392090 0.089421950 0.995992124 -0.001803411 -10.538568497 -0.623078883 0.057353545 0.780053318 502.145751953
0.773617506 -0.067566417 0.630040228 54.227554321 0.089243554 0.996006012 -0.002767793 -10.579257965 -0.627336860 0.058368251 0.776557565 503.750732422
0.770215034 -0.066731371 0.634283662 55.526153564 0.088020824 0.996116459 -0.002085424 -10.623493195 -0.631681144 0.057436395 0.773097754 505.356231689
0.766918004 -0.065933578 0.638349056 56.839736938 0.085533306 0.996335328 0.000148692 -10.655744553 -0.636019528 0.054486074 0.769747019 506.954467773
0.763168514 -0.066282235 0.642791152 58.158843994 0.084098108 0.996453226 0.002903159 -10.682106018 -0.640703738 0.051841918 0.766036034 508.561187744
0.759847879 -0.067600884 0.646576762 59.483749390 0.083680622 0.996475637 0.005843186 -10.710342407 -0.644692779 0.049666025 0.762826562 510.139404297
0.756190300 -0.068982758 0.650705457 60.829589844 0.084309638 0.996410251 0.007654749 -10.725621223 -0.648897648 0.049072307 0.759291589 511.733032227
0.752876639 -0.069924526 0.654436648 62.177230835 0.086859860 0.996199191 0.006515518 -10.748767853 -0.652404845 0.051938903 0.756088793 513.284362793
0.749378204 -0.069057085 0.658531249 63.536865234 0.088606663 0.996060133 0.003621878 -10.770631790 -0.656186819 0.055636104 0.752544641 514.864013672
0.746204853 -0.069285303 0.662101269 64.907943726 0.091230847 0.995828807 0.001388626 -10.794692993 -0.659435570 0.059367858 0.749413133 516.411987305
0.742509007 -0.068437800 0.666330755 66.279357910 0.091316342 0.995821774 0.000523252 -10.829868317 -0.663582563 0.060458377 0.745656013 517.980957031
0.739482045 -0.068485804 0.669683516 67.675384521 0.091308974 0.995822072 0.001012913 -10.846134186 -0.666954994 0.060399089 0.742645919 519.517089844
0.735865235 -0.067926303 0.673712313 69.064102173 0.089407168 0.995991349 0.002764324 -10.879322052 -0.671199441 0.058200549 0.738988459 521.070983887
0.732149780 -0.067091145 0.677831411 70.467163086 0.087105796 0.996188879 0.004515811 -10.906860352 -0.675550997 0.055736806 0.735203505 522.629699707
0.729015172 -0.067884929 0.681122959 71.876892090 0.085473619 0.996309757 0.007814815 -10.928665161 -0.679139972 0.052520927 0.732127309 524.143127441
0.725478947 -0.070087016 0.684666395 73.302780151 0.085312217 0.996286750 0.011588918 -10.947311401 -0.682936370 0.050002888 0.728764474 525.688049316
0.722121954 -0.071098953 0.688102484 74.724060059 0.086096056 0.996207416 0.012581646 -10.955898285 -0.686387181 0.050157424 0.725504458 527.193542480
0.718518674 -0.070617042 0.691913486 76.155242920 0.088018060 0.996066034 0.010256534 -10.962637901 -0.689915895 0.053531371 0.721907616 528.710388184
