1.000000000 -0.000000000 0.000000000 0.000000000 -0.000000000 1.000000000 0.000000000 0.000000000 0.000000000 0.000000000 1.000000000 0.000000000
0.999985337 0.000021451 -0.005410089 -0.012966866 -0.000167044 0.999637783 -0.026912304 -0.002684753 0.005407552 0.026912814 0.999623179 0.764057398
0.999957621 -0.001367648 -0.009101660 -0.025218923 0.001026217 0.999299347 -0.037412629 -0.005956013 0.009146451 0.037401702 0.999258459 1.547455072
0.999920011 -0.001427242 -0.012570848 -0.030960260 0.001091778 0.999644160 -0.026652450 -0.041723117 0.012604414 0.026636593 0.999565721 2.379322767
0.999873221 0.000204688 -0.015920999 -0.051332150 -0.000431362 0.999898493 -0.014235312 -0.071219027 0.015916469 0.014240374 0.999771833 3.202399015
0.999827027 0.001793288 -0.018508889 -0.072369449 -0.001984731 0.999944687 -0.010330087 -0.093856841 0.018489338 0.010365037 0.999775290 4.019105911
0.999818921 0.000836444 -0.019008800 -0.092430443 -0.001085187 0.999913812 -0.013079104 -0.119780451 0.018996220 0.013097364 0.999733746 4.841872692
0.999826014 0.000899924 -0.018632881 -0.112614647 -0.001201408 0.999868453 -0.016175324 -0.138638616 0.018615877 0.016194899 0.999695539 5.660016537
0.999837816 0.000624861 -0.017994655 -0.132664114 -0.000926578 0.999859035 -0.016763577 -0.162792772 0.017981641 0.016777532 0.999697506 6.499656677
0.999838293 0.000733739 -0.017961916 -0.150546387 -0.001021661 0.999871194 -0.016025657 -0.184312016 0.017947843 0.016041420 0.999710083 7.338686466
0.999843001 0.000138305 -0.017708514 -0.173453614 -0.000409877 0.999882340 -0.015332943 -0.211175501 0.017704312 0.015337796 0.999725521 8.188419342
0.999844730 -0.000277144 -0.017613566 -0.188506663 -0.000002293 0.999874234 -0.015862890 -0.235406682 0.017615743 0.015860470 0.999719024 9.061207771
0.999836266 -0.001062588 -0.018062657 -0.209070712 0.000763182 0.999862373 -0.016574772 -0.259671956 0.018077785 0.016558278 0.999699473 9.927099228
0.999833822 -0.001404043 -0.018172387 -0.240748197 0.001088678 0.999848902 -0.017352402 -0.277913064 0.018194003 0.017329732 0.999684215 10.796805382
0.999823868 -0.001565380 -0.018696755 -0.251938134 0.001249381 0.999856412 -0.016900979 -0.304770112 0.018720528 0.016874649 0.999682307 11.694192886
0.999829292 -0.000769709 -0.018454572 -0.279719174 0.000476527 0.999873698 -0.015885834 -0.329742670 0.018464467 0.015874326 0.999703526 12.581641197
0.999833345 -0.000204726 -0.018252162 -0.297397137 -0.000086918 0.999872386 -0.015976351 -0.354844451 0.018253105 0.015975272 0.999705851 13.489557266
0.999841809 -0.000969677 -0.017756030 -0.324953318 0.000670642 0.999857903 -0.016839538 -0.385491848 0.017769832 0.016824964 0.999700606 14.403323174
0.999838591 -0.000864492 -0.017940858 -0.332646728 0.000540122 0.999836504 -0.018076936 -0.409538269 0.017953549 0.018064329 0.999675751 15.335529327
0.999837458 -0.000950697 -0.018004501 -0.353398234 0.000617889 0.999829054 -0.018481240 -0.436177909 0.018018993 0.018467115 0.999667108 16.255342484
0.999825895 -0.001004103 -0.018627431 -0.376183748 0.000660377 0.999829650 -0.018449649 -0.461589515 0.018642778 0.018434139 0.999656260 17.187913895
0.999807000 -0.003396596 -0.019347075 -0.396087229 0.003039830 0.999825478 -0.018439941 -0.490596622 0.019406330 0.018377572 0.999642789 18.150485992
0.999779403 -0.003592916 -0.020692926 -0.419521183 0.003204422 0.999818563 -0.018776897 -0.513347387 0.020756638 0.018706443 0.999609530 19.105363846
0.999751747 -0.005415799 -0.021610159 -0.454245031 0.005017294 0.999817193 -0.018452458 -0.541517973 0.021706147 0.018339453 0.999596119 20.065671921
0.999719203 -0.006139982 -0.022882659 -0.474782467 0.005723403 0.999817550 -0.018226303 -0.573762238 0.022990391 0.018090218 0.999571979 21.047584534
0.999683857 -0.007552241 -0.023978574 -0.510817170 0.007124528 0.999814928 -0.017872814 -0.598271728 0.024109114 0.017696328 0.999552667 22.035425186
0.999620259 -0.008577387 -0.026185375 -0.542821229 0.008124186 0.999816298 -0.017364988 -0.623366714 0.026329510 0.017145656 0.999506235 23.033874512
0.999564826 -0.007597344 -0.028508440 -0.572295368 0.007151106 0.999850750 -0.015722293 -0.652901292 0.028623637 0.015511580 0.999469817 24.051652908
0.999475837 -0.005810988 -0.031848766 -0.612425268 0.005337065 0.999874055 -0.014945278 -0.674931169 0.031931598 0.014767464 0.999380887 25.079250336
0.999362528 -0.005931384 -0.035205230 -0.669931650 0.005361751 0.999853492 -0.016252788 -0.698420942 0.035296477 0.016053660 0.999247909 26.112005234
0.999158680 -0.005733210 -0.040609032 -0.699915349 0.004897135 0.999774635 -0.020658048 -0.728271425 0.040718313 0.020441800 0.998961508 27.181646347
0.998918116 -0.005043265 -0.046227105 -0.760532081 0.003975840 0.999724090 -0.023153832 -0.751611471 0.046331111 0.022944996 0.998662531 28.243249893
0.998585820 -0.007028235 -0.052695293 -0.818651974 0.005952959 0.999771357 -0.020534780 -0.784922004 0.052827571 0.020192049 0.998399436 29.330282211
0.998306930 -0.006337996 -0.057817135 -0.890441358 0.005365753 0.999841869 -0.016955592 -0.814774394 0.057915449 0.016616657 0.998183250 30.426586151
0.998061001 -0.006615186 -0.061890662 -0.960466981 0.005628759 0.999854624 -0.016099030 -0.842241228 0.061988160 0.015719444 0.997953057 31.528978348
0.997914195 -0.004424784 -0.064402968 -1.040428162 0.003381211 0.999861419 -0.016303794 -0.870344043 0.064466193 0.016052028 0.997790694 32.634284973
0.997853518 -0.003511817 -0.065390870 -1.119961023 0.002500725 0.999876142 -0.015537729 -0.897105336 0.065437332 0.015340849 0.997738779 33.754680634
0.997865140 -0.002049524 -0.065275513 -1.196950674 0.001132498 0.999900162 -0.014082441 -0.932353735 0.065297857 0.013978455 0.997767806 34.879226685
0.997902811 -0.001039900 -0.064721577 -1.276502848 0.000170321 0.999909639 -0.013439751 -0.962288737 0.064729713 0.013400543 0.997812808 35.988590240
0.997976482 -0.001101933 -0.063574530 -1.356575489 0.000250929 0.999910295 -0.013392360 -0.994940519 0.063583590 0.013349309 0.997887135 37.112251282
0.998059690 -0.001663268 -0.062241562 -1.435901165 0.000783862 0.999899566 -0.014150666 -1.021420360 0.062258843 0.014074421 0.997960746 38.227611542
0.998108089 -0.003172114 -0.061401438 -1.500647545 0.002278819 0.999890625 -0.014612992 -1.059402108 0.061441075 0.014445422 0.998006105 39.351955414
0.998173058 -0.003377461 -0.060323622 -1.567466021 0.002467142 0.999882102 -0.015158693 -1.089682221 0.060367703 0.014982171 0.998063743 40.469120026
0.998264074 -0.004056649 -0.058755938 -1.640461326 0.003206814 0.999888897 -0.014550907 -1.125246763 0.058808450 0.014337226 0.998166323 41.578830719
0.998345256 -0.003948473 -0.057368085 -1.708164692 0.003140402 0.999894679 -0.014169082 -1.156831741 0.057417989 0.013965477 0.998252571 42.692531586
0.998414159 -0.004098999 -0.056145959 -1.775607347 0.003289796 0.999889433 -0.014497346 -1.190317273 0.056199178 0.014289647 0.998317301 43.802227020
0.998457730 -0.004309413 -0.055348471 -1.842771292 0.003500589 0.999885738 -0.014701939 -1.221111298 0.055405509 0.014485513 0.998358786 44.910736084
0.998496413 -0.004637512 -0.054623708 -1.907334089 0.003860807 0.999889970 -0.014316170 -1.256978512 0.054684103 0.014083751 0.998404384 46.019187927
0.998516798 -0.004478991 -0.054260556 -1.970374584 0.003693443 0.999886990 -0.014568967 -1.286725283 0.054319687 0.014346950 0.998420537 47.125003815
0.998549163 -0.004917117 -0.053622883 -2.039110422 0.004110765 0.999876976 -0.015137407 -1.322557926 0.053690713 0.014895014 0.998446524 48.226070404
0.998574555 -0.004936667 -0.053145617 -2.101866961 0.004141212 0.999877870 -0.015067186 -1.352324843 0.053213518 0.014825622 0.998473108 49.326602936
0.998586714 -0.005508906 -0.052858487 -2.161964893 0.004739294 0.999881089 -0.014674172 -1.389960527 0.052933037 0.014402920 0.998494208 50.422485352
0.998621702 -0.004342955 -0.052304015 -2.226712942 0.003564113 0.999881566 -0.014974751 -1.424615979 0.052362852 0.014767693 0.998518944 51.507003784
0.998645604 -0.005263244 -0.051761236 -2.296212196 0.004447352 0.999864161 -0.015865184 -1.460651755 0.051837709 0.015613491 0.998533487 52.607536316
0.998631299 -0.005931172 -0.051963981 -2.363505840 0.005120052 0.999863207 -0.015728498 -1.488139629 0.052050166 0.015440914 0.998525083 53.699474335
0.998540223 -0.007087845 -0.053546086 -2.416393518 0.006338003 0.999879599 -0.014160538 -1.529387116 0.053640004 0.013800492 0.998464942 54.788925171
0.998349547 -0.009473690 -0.056642268 -2.480008125 0.008687015 0.999862611 -0.014118627 -1.565348029 0.056768242 0.013603274 0.998294711 55.868160248
0.998031437 -0.012385693 -0.061478600 -2.539037704 0.011452138 0.999814034 -0.015514208 -1.601015925 0.061659321 0.014779608 0.997987807 56.961433411
0.997595668 -0.014562096 -0.067755438 -2.614144325 0.013402558 0.999756396 -0.017536832 -1.633574724 0.067994297 0.016586570 0.997547865 58.041595459
0.997038722 -0.017686319 -0.074838288 -2.700881481 0.016298015 0.999684334 -0.019120997 -1.668043733 0.075152852 0.017844662 0.997012317 59.116817474
0.996454537 -0.018237853 -0.082132183 -2.781805515 0.016842518 0.999702394 -0.017649826 -1.711893439 0.082429633 0.016203934 0.996465147 60.203495026
0.995954454 -0.016682619 -0.088297851 -2.880042315 0.015368666 0.999761164 -0.015539953 -1.744498014 0.088536017 0.014120063 0.995972872 61.272647858
0.995614409 -0.013472974 -0.092576310 -2.992820978 0.012154195 0.999816775 -0.014794410 -1.783582211 0.092758670 0.013604336 0.995595634 62.349391937
0.995412946 -0.011018897 -0.095034733 -3.100095987 0.009553220 0.999828517 -0.015863765 -1.815338492 0.095193237 0.014883109 0.995347559 63.403484344
0.995321095 -0.008724993 -0.096227922 -3.208122730 0.006983004 0.999805808 -0.018424673 -1.846888542 0.096370004 0.017666506 0.995188713 64.463966370
0.995407283 -0.008080464 -0.095388792 -3.319607496 0.006227114 0.999786258 -0.019711157 -1.885477781 0.095527679 0.019026624 0.995244920 65.516204834
0.995587289 -0.008714762 -0.093434401 -3.422029734 0.006945590 0.999790668 -0.019243419 -1.922632694 0.093582533 0.018509544 0.995439470 66.571060181
0.995890498 -0.008277380 -0.090186603 -3.524555683 0.006712792 0.999821782 -0.017637886 -1.963152051 0.090316527 0.016959995 0.995768666 67.617820740
0.996383488 -0.008061863 -0.084586225 -3.620335340 0.006683894 0.999840558 -0.016561275 -1.995078802 0.084706247 0.015936017 0.996278465 68.674346924
0.996862233 -0.006311570 -0.078904666 -3.707395554 0.005073242 0.999861002 -0.015884617 -2.040788412 0.078993954 0.015434471 0.996755600 69.709625244
0.997452497 -0.006125884 -0.071072072 -3.786275387 0.004974159 0.999853611 -0.016370686 -2.072674274 0.071161970 0.015975453 0.997336805 70.745170593
0.998050094 -0.004639081 -0.062245190 -3.861227036 0.003616856 0.999856889 -0.016525188 -2.104428768 0.062312946 0.016267836 0.997924089 71.797500610
0.998660386 -0.002176943 -0.051699772 -3.924934626 0.001328970 0.999864101 -0.016430609 -2.135824680 0.051728517 0.016339885 0.998527527 72.830505371
0.999176145 -0.001379249 -0.040559988 -3.974006891 0.000716297 0.999866009 -0.016354954 -2.164855003 0.040577110 0.016312430 0.999043286 73.884803772
0.999571502 -0.000888735 -0.029256973 -4.011887550 0.000423049 0.999873161 -0.015919445 -2.199719429 0.029267414 0.015900249 0.999445140 74.924835205
0.999827862 -0.000067079 -0.018550482 -4.035214901 -0.000235486 0.999866962 -0.016307762 -2.232291460 0.018549103 0.016309325 0.999694884 75.970199585
0.999963880 -0.000584383 -0.008469177 -4.045132160 0.000438793 0.999852300 -0.017182339 -2.262837410 0.008477967 0.017178001 0.999816477 77.018806458
0.999996603 -0.002576615 0.000271028 -4.051365376 0.002581261 0.999819398 -0.018824492 -2.294068336 -0.000222476 0.018825129 0.999822855 78.073478699
0.999967098 -0.004188219 0.006954820 -4.044716835 0.004321330 0.999805570 -0.019236000 -2.330296278 -0.006872904 0.019265419 0.999790728 79.128250122
0.999903440 -0.008317301 0.011129069 -4.031661510 0.008526008 0.999786079 -0.018839123 -2.368972778 -0.010969999 0.018932190 0.999760628 80.190711975
0.999848902 -0.011290692 0.013212910 -4.017762184 0.011534262 0.999762177 -0.018505447 -2.397524357 -0.013000831 0.018655047 0.999741375 81.243927002
0.999809980 -0.013893823 0.013671773 -4.006625652 0.014146896 0.999727070 -0.018591471 -2.425549507 -0.013409735 0.018781355 0.999733627 82.309585571
0.999823749 -0.014207507 0.012268906 -3.990497589 0.014415038 0.999751687 -0.016995732 -2.464369059 -0.012024390 0.017169598 0.999780238 83.372154236
0.999832928 -0.014790399 0.010739724 -3.983151674 0.014975435 0.999737203 -0.017358012 -2.492864370 -0.010480174 0.017515946 0.999791563 84.449157715
0.999863923 -0.013909873 0.008859351 -3.988685608 0.014070028 0.999733865 -0.018279098 -2.525879622 -0.008602735 0.018401261 0.999793649 85.516227722
0.999889135 -0.013756965 0.005696635 -3.986346006 0.013864811 0.999716759 -0.019345539 -2.563158274 -0.005428886 0.019422375 0.999796569 86.603935242
0.999888659 -0.014845611 0.001472765 -3.977703094 0.014872368 0.999684811 -0.020220134 -2.595552683 -0.001172120 0.020239787 0.999794483 87.677749634
0.999872863 -0.015749125 -0.002523700 -3.985517740 0.015694842 0.999671698 -0.020252213 -2.631097555 0.002841826 0.020210022 0.999791741 88.773994446
0.999832392 -0.017167909 -0.006366081 -4.006406307 0.017037209 0.999653876 -0.020046245 -2.663475275 0.006708029 0.019934423 0.999778807 89.858131409
0.999808192 -0.016228577 -0.010953528 -4.011291504 0.016010024 0.999676704 -0.019753730 -2.695041180 0.011270559 0.019574575 0.999744892 90.962303162
0.999761224 -0.016160047 -0.014708784 -4.036055565 0.015872309 0.999684393 -0.019473271 -2.728432178 0.015018830 0.019235158 0.999702215 92.066459656
0.999734223 -0.014382190 -0.018018274 -4.070821285 0.014046939 0.999728441 -0.018596482 -2.758866787 0.018280836 0.018338436 0.999664724 93.169715881
0.999698818 -0.012560648 -0.021081122 -4.087972641 0.012193544 0.999773383 -0.017452961 -2.792410851 0.021295562 0.017190656 0.999625444 94.302909851
0.999680817 -0.010850350 -0.022813961 -4.122251511 0.010457405 0.999796212 -0.017273070 -2.823663235 0.022996729 0.017028986 0.999590576 95.416389465
0.999662280 -0.009933305 -0.024011374 -4.167616844 0.009502003 0.999792755 -0.018010121 -2.858021021 0.024185296 0.017775884 0.999549448 96.515533447
0.999598801 -0.011174959 -0.026032314 -4.191526413 0.010695451 0.999772072 -0.018486787 -2.909827709 0.026232969 0.018200941 0.999490142 97.626525879
0.999559462 -0.012042360 -0.027129514 -4.228604317 0.011540992 0.999761224 -0.018561937 -2.944312811 0.027346563 0.018240657 0.999459565 98.724067688
0.999520242 -0.012110394 -0.028507913 -4.253210545 0.011604685 0.999773502 -0.017838316 -2.982083082 0.028717484 0.017498931 0.999434352 99.843536377
0.999490082 -0.012118594 -0.029541949 -4.284725666 0.011620923 0.999788642 -0.016960077 -3.018179178 0.029741231 0.016608128 0.999419570 100.946281433
0.999482691 -0.012453236 -0.029653156 -4.328702450 0.011970649 0.999793947 -0.016396606 -3.053853512 0.029851234 0.016033154 0.999425828 102.047203064
0.999500155 -0.011050654 -0.029621067 -4.369770050 0.010587403 0.999819934 -0.015750743 -3.085991859 0.029789783 0.015429260 0.999437034 103.138893127
0.999518991 -0.009095071 -0.029649967 -4.407378197 0.008672571 0.999859452 -0.014347195 -3.122092724 0.029776292 0.014083150 0.999457419 104.245391846
0.999522150 -0.008858641 -0.029617753 -4.445399761 0.008426603 0.999856770 -0.014680276 -3.162519455 0.029743556 0.014423683 0.999453545 105.330177307
0.999522150 -0.009148408 -0.029532747 -4.481694698 0.008656239 0.999822259 -0.016750306 -3.190762520 0.029680740 0.016486656 0.999423444 106.405319214
0.999521852 -0.009630598 -0.029385390 -4.520682335 0.009119422 0.999805629 -0.017480304 -3.224660397 0.029548023 0.017203966 0.999415338 107.481712341
0.999485731 -0.012540289 -0.029512297 -4.551469803 0.012021154 0.999771178 -0.017702505 -3.262265682 0.029727537 0.017338634 0.999407649 108.562561035
0.999472141 -0.014323913 -0.029160617 -4.591382027 0.013838436 0.999763489 -0.016782617 -3.291928768 0.029394111 0.016370224 0.999433875 109.635604858
0.999446988 -0.015487198 -0.029426450 -4.625241280 0.015043736 0.999770820 -0.015232304 -3.327905893 0.029655613 0.014781198 0.999450862 110.700576782
0.999425054 -0.016336922 -0.029708672 -4.645320892 0.015925659 0.999774754 -0.014027403 -3.368727922 0.029931149 0.013546208 0.999460161 111.763092041
0.999422193 -0.016578630 -0.029673936 -4.680499077 0.016193504 0.999782145 -0.013172156 -3.396642685 0.029885847 0.012684019 0.999472916 112.819709778
0.999414504 -0.016865361 -0.029766956 -4.716343880 0.016483605 0.999779403 -0.013023944 -3.427024364 0.029980041 0.012525652 0.999472022 113.859138489
0.999365151 -0.018008109 -0.030738248 -4.743853092 0.017636901 0.999768853 -0.012305266 -3.465358257 0.030952731 0.011755330 0.999451697 114.905548096
0.999329746 -0.018333297 -0.031685222 -4.782629013 0.017955540 0.999764740 -0.012166003 -3.494915962 0.031900812 0.011588923 0.999423802 115.921882629
0.999268115 -0.018785708 -0.033323038 -4.814053535 0.018410595 0.999764085 -0.011528303 -3.530169487 0.033531748 0.010906368 0.999378085 116.939254761
0.999204516 -0.019364344 -0.034862936 -4.857685566 0.018986259 0.999757648 -0.011143404 -3.561256409 0.035070278 0.010472621 0.999329984 117.933708191
0.999147296 -0.019393781 -0.036450446 -4.900298595 0.018990800 0.999754965 -0.011369460 -3.592005730 0.036662009 0.010667542 0.999270856 118.906211853
0.999061644 -0.019950550 -0.038443100 -4.932676315 0.019511912 0.999740720 -0.011751638 -3.621740103 0.038667578 0.010990510 0.999191701 119.875869751
0.998983741 -0.019691026 -0.040543880 -4.975059509 0.019256884 0.999753356 -0.011070859 -3.654454470 0.040751874 0.010278858 0.999116421 120.811103821
0.998922706 -0.018542213 -0.042539310 -5.018584251 0.018095123 0.999777198 -0.010871161 -3.684400082 0.042731397 0.010089695 0.999035597 121.740959167
0.998847902 -0.018194869 -0.044405013 -5.062114716 0.017741485 0.999786735 -0.010583084 -3.711378574 0.044588100 0.009783083 0.998957515 122.657966614
0.998756111 -0.017805904 -0.046574250 -5.107119560 0.017299162 0.999786913 -0.011260836 -3.737662077 0.046764832 0.010441136 0.998851299 123.547676086
0.998712957 -0.015591942 -0.048265018 -5.155381203 0.015071874 0.999824584 -0.011120529 -3.764367819 0.048429947 0.010378771 0.998772621 124.423210144
0.998667777 -0.014916334 -0.049397331 -5.203929424 0.014344368 0.999826074 -0.011913273 -3.793822527 0.049566451 0.011188828 0.998708129 125.277595520
0.998622417 -0.013830429 -0.050615963 -5.253315926 0.013170020 0.999823987 -0.013357863 -3.824662209 0.050791811 0.012672849 0.998628855 126.117759705
0.998620152 -0.012742387 -0.050944950 -5.303989410 0.012041559 0.999828815 -0.014039955 -3.850386143 0.051115129 0.013407122 0.998602688 126.945022583
0.998625636 -0.011656769 -0.051096179 -5.349726200 0.010974138 0.999846935 -0.013619978 -3.877207994 0.051247135 0.013040524 0.998600781 127.764877319
0.998630345 -0.011235318 -0.051099837 -5.396345615 0.010651316 0.999874949 -0.011686674 -3.906517506 0.051224746 0.011126387 0.998625159 128.552902222
0.998689890 -0.009080047 -0.050361775 -5.439369678 0.008580526 0.999911904 -0.010125984 -3.929703951 0.050449293 0.009680587 0.998679757 129.341018677
0.998823702 -0.005989075 -0.048116729 -5.484099388 0.005582142 0.999947548 -0.008587104 -3.950099468 0.048165634 0.008308410 0.998804808 130.092086792
0.998978853 -0.004626926 -0.044943050 -5.522428513 0.004362590 0.999972582 -0.005977863 -3.971722126 0.044969469 0.005775691 0.998971641 130.826309204
0.999153316 -0.003353312 -0.041004941 -5.550873280 0.003194624 0.999987125 -0.003934909 -3.990155935 0.041017614 0.003800582 0.999151111 131.523910522
0.999348819 -0.001187146 -0.036063813 -5.580257416 0.001099359 0.999996305 -0.002453941 -4.009165764 0.036066588 0.002412695 0.999346495 132.193695068
0.999546468 0.000893968 -0.030106653 -5.603078842 -0.000980989 0.999995351 -0.002875786 -4.028640747 0.030103950 0.002904016 0.999542534 132.827178955
0.999725521 0.002090161 -0.023338854 -5.615539551 -0.002187541 0.999989033 -0.004147678 -4.045469761 0.023329929 0.004197594 0.999718964 133.422180176
0.999883473 0.001261994 -0.015210501 -5.625458717 -0.001333336 0.999988139 -0.004681137 -4.061558723 0.015204413 0.004700872 0.999873400 133.991439819
0.999977887 0.001062993 -0.006561214 -5.625954628 -0.001102526 0.999981225 -0.006024572 -4.077563763 0.006554686 0.006031673 0.999960363 134.529739380
0.999993086 0.001695678 0.003272304 -5.625772476 -0.001673051 0.999974787 -0.006905133 -4.091850281 -0.003283932 0.006899612 0.999970794 135.031738281
0.999907315 0.001076496 0.013564506 -5.611008167 -0.000993935 0.999980986 -0.006091755 -4.106163979 -0.013570809 0.006077709 0.999889433 135.493835449
0.999703228 0.002494968 0.024233121 -5.594563007 -0.002365060 0.999982655 -0.005387958 -4.120647430 -0.024246141 0.005329047 0.999691784 135.944351196
0.999352336 0.002425101 0.035902552 -5.574552059 -0.002223095 0.999981463 -0.005665370 -4.132292747 -0.035915632 0.005581887 0.999339163 136.366867065
0.998822153 0.004472787 0.048315018 -5.551493645 -0.004153251 0.999968886 -0.006711964 -4.142415524 -0.048343532 0.006503393 0.998809576 136.765792847
0.997967482 0.002776349 0.063665211 -5.520064354 -0.002425750 0.999981463 -0.005583553 -4.150296688 -0.063679524 0.005417768 0.997955739 137.150894165
0.996737540 0.002187674 0.080682784 -5.470561981 -0.001924435 0.999992549 -0.003340259 -4.163863659 -0.080689490 0.003174092 0.996734202 137.526824951
0.994946361 0.001419155 0.100397527 -5.418394089 -0.001164993 0.999995947 -0.002590139 -4.173231602 -0.100400798 0.002460088 0.994944036 137.899749756
0.992302239 0.003263189 0.123796836 -5.356702805 -0.002669605 0.999984145 -0.004960408 -4.180495262 -0.123811051 0.004591735 0.992295146 138.260787964
0.988566697 0.010647640 0.150407791 -5.295101166 -0.009750207 0.999930024 -0.006702870 -4.191090584 -0.150468647 0.005159726 0.988601387 138.616653442
0.983742654 0.016611226 0.178814158 -5.223123550 -0.014656008 0.999817610 -0.012249908 -4.209207535 -0.178985015 0.009430056 0.983806610 138.965423584
0.977872670 0.019564755 0.208283603 -5.139825821 -0.014811266 0.999593556 -0.024357507 -4.228800297 -0.208675504 0.020733595 0.977765143 139.284484863
0.970476568 0.017885104 0.240531653 -5.026203156 -0.008833982 0.999213576 -0.038655475 -4.257124424 -0.241033867 0.035389375 0.969871283 139.600860596
0.961524606 0.016805476 0.274204254 -4.919647217 -0.002332987 0.998590708 -0.053020932 -4.278197289 -0.274708867 0.050341222 0.960208654 139.876800537
0.950797558 0.017410833 0.309323311 -4.796810150 0.001670291 0.998117089 -0.061315022 -4.287608624 -0.309808284 0.058814831 0.948978186 140.167785645
0.937685609 0.020790335 0.346862286 -4.660034180 0.001364246 0.997980535 -0.063505270 -4.297348976 -0.347482085 0.060021184 0.935763597 140.460174561
0.921782136 0.026411505 0.386807799 -4.522384644 -0.001691268 0.997941554 -0.064109772 -4.303251266 -0.387704670 0.058441043 0.919929206 140.741531372
0.903612614 0.028083578 0.427428901 -4.365589142 0.000195825 0.997821391 -0.065974340 -4.315704346 -0.428350449 0.059698954 0.901638389 141.015472412
0.883166313 0.020802127 0.468598604 -4.192043304 0.009583879 0.998007357 -0.062366448 -4.340074062 -0.468962103 0.059570946 0.881206930 141.262161255
0.858272910 0.010502900 0.513086081 -3.994480133 0.019653836 0.998384416 -0.053313248 -4.365756512 -0.512817025 0.055841431 0.856679797 141.529464722
0.830578208 0.001829004 0.556899011 -3.776626587 0.026162768 0.998762310 -0.042300254 -4.404167175 -0.556287050 0.049703680 0.829502404 141.764465332
0.796916008 0.001002997 0.604089439 -3.561965942 0.025693282 0.999037385 -0.035553381 -4.421982288 -0.603543460 0.043854095 0.796123147 141.998825073
0.756714582 0.002839623 0.653739274 -3.332382202 0.022706017 0.999273062 -0.030623112 -4.438139915 -0.653350949 0.038016770 0.756100118 142.213317871
0.710235059 0.000544081 0.703964293 -3.083580017 0.022107527 0.999489188 -0.023076940 -4.445140839 -0.703617334 0.031952959 0.709860325 142.406402588
0.658581018 -0.007506353 0.752472460 -2.804214478 0.024207111 0.999644101 -0.011214582 -4.445106030 -0.752120316 0.025600892 0.658528328 142.578735352
0.601865828 -0.018531373 0.798382163 -2.496490479 0.029218920 0.999572337 0.001174353 -4.436960697 -0.798062444 0.022621067 0.602149963 142.748870850
0.544546723 -0.029313136 0.838218093 -2.191478729 0.034808967 0.999317944 0.012333343 -4.439561844 -0.838007867 0.022461424 0.545195699 142.828048706
0.481037736 -0.033438656 0.876061916 -1.879379272 0.034956612 0.999209344 0.018944742 -4.439275265 -0.876002729 0.021511020 0.481826246 142.936981201
0.414043576 -0.036954895 0.909506559 -1.560787201 0.033169556 0.999124587 0.025496125 -4.435986042 -0.909652531 0.019611426 0.414906830 143.027633667
0.345961750 -0.040952202 0.937354386 -1.234176636 0.029993214 0.999019206 0.032576285 -4.430694580 -0.937769175 0.016844122 0.346850753 143.088439941
0.277318567 -0.046791662 0.959637940 -0.916130066 0.029647380 0.998754442 0.040131405 -4.436290741 -0.960320473 0.017321570 0.278360486 143.107025146
0.209267080 -0.048606470 0.976649702 -0.582242966 0.025031568 0.998702824 0.044340502 -4.427580357 -0.977538049 0.015168070 0.210212320 143.129653931
0.144542843 -0.048089497 0.988329291 -0.229629517 0.021993399 0.998727739 0.045378938 -4.410474300 -0.989254117 0.015177522 0.145416602 143.141845703
0.085194722 -0.046645496 0.995271802 0.128293991 0.018137993 0.998810589 0.045258753 -4.393636703 -0.996199191 0.014196431 0.085939482 143.131622314
0.027665760 -0.047094241 0.998507202 0.465451002 0.018707946 0.998739064 0.046586834 -4.376032352 -0.999442160 0.017391156 0.028511915 143.103851318
-0.026106557 -0.049720351 0.998421907 0.841954708 0.020983208 0.998515010 0.050273657 -4.354204178 -0.999438941 0.022262570 -0.025024498 143.054641724
-0.074472159 -0.055033304 0.995703459 1.228866577 0.023600979 0.998099089 0.056930918 -4.327492237 -0.996943831 0.027739344 -0.073031753 142.984390259
-0.117404491 -0.063161880 0.991073549 1.625741005 0.019852849 0.997626662 0.065931320 -4.306452274 -0.992885709 0.027416267 -0.115871921 142.907730103
-0.155972272 -0.071044073 0.985203207 1.980293274 0.015027687 0.997123957 0.074282818 -4.279410839 -0.987647116 0.026391383 -0.154456064 142.811355591
-0.190278158 -0.078829862 0.978560150 2.388582230 0.005863203 0.996661961 0.081428170 -4.254163742 -0.981712759 0.021231500 -0.189180821 142.716262817
-0.220158890 -0.077779323 0.972358108 2.802200317 0.004401093 0.996726692 0.080725059 -4.242334366 -0.975454152 0.022051778 -0.219095916 142.600234985
-0.246143311 -0.069044150 0.966771066 3.215642929 0.005605029 0.997341335 0.072654486 -4.227517128 -0.969217241 0.023302192 -0.245101959 142.478927612
-0.267924964 -0.055516891 0.961838901 3.625083923 0.011125352 0.998093605 0.060708519 -4.211209774 -0.963375568 0.026966127 -0.266796589 142.343536377
-0.284473121 -0.041573957 0.957782149 4.035717010 0.011532602 0.998838603 0.046781398 -4.184106350 -0.958614647 0.024353771 -0.283663243 142.195816040
-0.299415082 -0.030242458 0.953643560 4.476196289 0.009554008 0.999352336 0.034691669 -4.149554253 -0.954075098 0.019498328 -0.298932195 142.052917480
-0.311167628 -0.024660677 0.950035036 4.929550171 0.003517164 0.999626517 0.027099937 -4.114263058 -0.950348556 0.011774052 -0.310964644 141.906036377
-0.320997238 -0.027719045 0.946674407 5.409648895 0.001478477 0.999555707 0.029768752 -4.100350857 -0.947078943 0.010955327 -0.320813596 141.743347168
-0.329404294 -0.033761751 0.943585157 5.893672943 0.004622588 0.999290884 0.037368651 -4.095369816 -0.944177628 0.016671201 -0.329014599 141.559967041
-0.337204635 -0.036475707 0.940724492 6.391197205 0.008077307 0.999100387 0.041634489 -4.089051247 -0.941396773 0.021637861 -0.336606622 141.372573853
-0.343782604 -0.034955885 0.938398421 6.886783600 0.010240335 0.999108016 0.040968895 -4.075485229 -0.938993394 0.023693910 -0.343117982 141.188308716
-0.348507494 -0.031422328 0.936779082 7.409481049 0.008945839 0.999280870 0.036846917 -4.052826881 -0.937263370 0.021221701 -0.347975791 140.992187500
-0.352429241 -0.029233491 0.935381770 7.917671204 0.007949658 0.999382377 0.034228947 -4.035291672 -0.935804725 0.019499244 -0.351979166 140.799682617
-0.355468988 -0.029149339 0.934233427 8.444499969 0.006918650 0.999404132 0.033815250 -4.016950607 -0.934662461 0.018483903 -0.355055481 140.601852417
-0.357653379 -0.028327854 0.933424592 8.984004974 0.008984753 0.999389112 0.033772387 -3.999491692 -0.933811188 0.020465394 -0.357180387 140.396194458
-0.358722687 -0.027615668 0.933035612 9.529586792 0.011781152 0.999348700 0.034107868 -3.986301422 -0.933369815 0.023227498 -0.358163744 140.178985596
-0.358882904 -0.027301231 0.932983220 10.087097168 0.012862889 0.999332488 0.034190629 -3.977017403 -0.933293939 0.024271291 -0.358292192 139.965866089
-0.358768970 -0.028125687 0.933002532 10.650173187 0.011899757 0.999326885 0.034700897 -3.966202736 -0.933350563 0.023552110 -0.358192831 139.755844116
-0.357925415 -0.028550185 0.933313549 11.212963104 0.011437055 0.999323368 0.034955543 -3.949581146 -0.933680236 0.023185838 -0.357356757 139.545303345
-0.356714159 -0.028583631 0.933776200 11.778659821 0.011898763 0.999311626 0.035135206 -3.937643528 -0.934137821 0.023644002 -0.356128514 139.330825806
-0.355783880 -0.028558590 0.934131742 12.342247009 0.012555123 0.999296725 0.035332713 -3.923065186 -0.934483945 0.024298949 -0.355175138 139.123138428
-0.354268014 -0.029047631 0.934692681 12.902259827 0.012464478 0.999282062 0.035779178 -3.911954880 -0.935060859 0.024325872 -0.353651613 138.916671753
-0.352440953 -0.030159185 0.935347974 13.467067719 0.012130487 0.999249399 0.036790404 -3.899543762 -0.935755432 0.024312671 -0.351810515 138.707107544
-0.350841075 -0.032999050 0.935853362 14.014183044 0.011566903 0.999149919 0.039567254 -3.887442589 -0.936363637 0.024706740 -0.350161195 138.505905151
-0.349508017 -0.035300795 0.936268091 14.550971985 0.012385178 0.999028563 0.042290483 -3.872885227 -0.936851501 0.026376711 -0.348731309 138.313385010
-0.347433865 -0.035720810 0.937023878 15.056493759 0.014100962 0.998962104 0.043310411 -3.861847401 -0.937598467 0.028260443 -0.346569628 138.131118774
-0.344315588 -0.035979100 0.938164353 15.549802780 0.014556610 0.998940766 0.043652326 -3.855905056 -0.938741088 0.028686667 -0.343427151 137.947448730
-0.341840297 -0.035620973 0.939082801 16.021186829 0.014465028 0.998963594 0.043157838 -3.844242573 -0.939646721 0.028336950 -0.340970725 137.782806396
-0.339475065 -0.034487106 0.939982593 16.477762222 0.013355072 0.999050200 0.041477434 -3.832061768 -0.940520167 0.026634093 -0.338692039 137.623840332
-0.337328613 -0.032701913 0.940818906 16.919210434 0.013043857 0.999138176 0.039405882 -3.822909594 -0.941296577 0.025564641 -0.336611331 137.470321655
-0.335125059 -0.031794898 0.941637099 17.362842560 0.014393828 0.999141097 0.038859263 -3.814741135 -0.942063689 0.026576478 -0.334379584 137.317153931
-0.332640767 -0.033076599 0.942473352 17.787837982 0.016296381 0.999033868 0.040813345 -3.800637722 -0.942912817 0.028935086 -0.331780374 137.172210693
-0.329657495 -0.034884814 0.943455815 18.193834305 0.016999170 0.998935759 0.042875972 -3.788777828 -0.943947554 0.030172354 -0.328713626 137.033508301
-0.326926738 -0.036153283 0.944357932 18.576883316 0.016384797 0.998901010 0.043913625 -3.781544209 -0.944907725 0.029829646 -0.325975090 136.911941528
-0.322834253 -0.036488410 0.945751965 18.931678772 0.016263826 0.998895168 0.044090435 -3.776523113 -0.946315885 0.029615443 -0.321884155 136.794052124
-0.317977548 -0.036256626 0.947404683 19.263534546 0.016330319 0.998910844 0.043708682 -3.769150257 -0.947957635 0.029369798 -0.317039192 136.696365356
-0.313304693 -0.035382058 0.948993266 19.569049835 0.016121425 0.998963535 0.042567536 -3.755987644 -0.949515820 0.028635735 -0.312409550 136.603973389
-0.309741557 -0.035929207 0.950141728 19.852416992 0.015155083 0.998972356 0.042716198 -3.750544310 -0.950700045 0.027630463 -0.308878779 136.517395020
-0.307029545 -0.035969630 0.951020002 20.112846375 0.015548608 0.998962462 0.042802673 -3.742063522 -0.951573014 0.027928725 -0.306151837 136.433929443
-0.304952174 -0.035421912 0.951708734 20.345338821 0.016143834 0.998972297 0.042353936 -3.736838341 -0.952230871 0.028280154 -0.304066956 136.360382080
-0.303443223 -0.034480520 0.952225447 20.564392090 0.016513597 0.999004662 0.041436758 -3.733163834 -0.952706397 0.028298374 -0.302571833 136.301742554
-0.301628947 -0.034217831 0.952811241 20.765697479 0.015419734 0.999050021 0.040759776 -3.727462053 -0.953300655 0.026986424 -0.300814837 136.235946655
-0.301296681 -0.032180373 0.952987254 20.965755463 0.013456631 0.999187291 0.037994906 -3.723978758 -0.953435540 0.024271736 -0.300618857 136.181701660
-0.303490907 -0.030484047 0.952346683 21.156778336 0.011970928 0.999287307 0.035801455 -3.724939108 -0.952759087 0.022265892 -0.302909791 136.126037598
-0.306765079 -0.029051241 0.951341867 21.348234177 0.012716225 0.999319732 0.034616761 -3.717091560 -0.951700270 0.022716695 -0.306187034 136.062469482
-0.310246706 -0.029236656 0.950206459 21.547916412 0.014244979 0.999271810 0.035397384 -3.711988449 -0.950549364 0.024517594 -0.309604317 135.989166260
-0.313294232 -0.029117016 0.949209750 21.737489700 0.016425796 0.999214172 0.036072373 -3.708301783 -0.949513972 0.026892794 -0.312569827 135.920822144
-0.314835429 -0.029028628 0.948702395 21.924030304 0.017540550 0.999183595 0.036394257 -3.704672813 -0.948984087 0.028098963 -0.314069211 135.858566284
-0.314209670 -0.029034251 0.948909581 22.114707947 0.018425953 0.999157488 0.036673043 -3.702143192 -0.949174821 0.029007591 -0.313410014 135.793182373
-0.311632365 -0.029260967 0.949752152 22.306041718 0.017746480 0.999172270 0.036606520 -3.699807644 -0.950037062 0.028262539 -0.310855120 135.728363037
-0.308302373 -0.028032858 0.950875342 22.491868973 0.016580973 0.999255478 0.034835204 -3.691623211 -0.951143920 0.026506215 -0.307608008 135.679260254
-0.303815842 -0.025342001 0.952393651 22.684463501 0.016452050 0.999357581 0.031839892 -3.693539619 -0.952588737 0.025342293 -0.303203762 135.628021240
-0.298302203 -0.019451894 0.954273343 22.884212494 0.017046953 0.999524295 0.025703108 -3.681429863 -0.954319239 0.023934746 -0.297828704 135.580474854
-0.291383266 -0.014798226 0.956492066 23.121427536 0.017862869 0.999621809 0.020907201 -3.674617290 -0.956439555 0.023177702 -0.291008741 135.518310547
-0.282015920 -0.013202450 0.959318936 23.381120682 0.018671656 0.999640465 0.019246370 -3.669498205 -0.959228039 0.023339858 -0.281668037 135.444610596
-0.271892220 -0.013716835 0.962230027 23.662023544 0.018662365 0.999635100 0.019523382 -3.663038731 -0.962146759 0.023265740 -0.271536976 135.370834351
-0.261124074 -0.014381671 0.965198159 23.987026215 0.017825043 0.999646723 0.019717336 -3.654547930 -0.965140700 0.022353368 -0.260775477 135.297409058
-0.250168324 -0.015235824 0.968082607 24.324583054 0.017651100 0.999638200 0.020293787 -3.648942471 -0.968041420 0.022164583 -0.249808937 135.222167969
-0.239310741 -0.015946405 0.970812142 24.690544128 0.017512245 0.999631584 0.020736657 -3.644143343 -0.970785141 0.021963604 -0.238943279 135.145141602
-0.228973672 -0.016141081 0.973298848 25.073539734 0.017530249 0.999632001 0.020701870 -3.631329536 -0.973274767 0.021802355 -0.228606462 135.066650391
-0.219810084 -0.017359663 0.975388288 25.488641739 0.016253993 0.999637663 0.021454189 -3.634948730 -0.975407302 0.020569799 -0.219448254 134.979125977
-0.212036520 -0.018368011 0.977089167 25.931739807 0.015900342 0.999626160 0.022242185 -3.621809244 -0.977132320 0.020252205 -0.211665183 134.885940552
-0.207590371 -0.018488243 0.978041112 26.403060913 0.015599904 0.999631643 0.022207474 -3.610455513 -0.978091478 0.019867402 -0.207225516 134.810836792
-0.204318792 -0.019672295 0.978706717 26.894060135 0.014032849 0.999636352 0.023022546 -3.600654840 -0.978803873 0.018437982 -0.203968450 134.717849731
-0.202792689 -0.020268420 0.979011834 27.409257889 0.011954079 0.999659896 0.023172067 -3.587583065 -0.979148805 0.016402308 -0.202481434 134.611251831
-0.203047335 -0.021972341 0.978922367 27.947605133 0.011602687 0.999623954 0.024843620 -3.577708960 -0.979100287 0.016402559 -0.202716067 134.501800537
-0.204648107 -0.024029491 0.978540659 28.505405426 0.011308667 0.999573886 0.026911050 -3.567408085 -0.978770375 0.016573286 -0.204289153 134.397201538
-0.206894338 -0.023609433 0.978078425 29.073221207 0.011731775 0.999577105 0.026610024 -3.555230856 -0.978292882 0.016980059 -0.206529841 134.277969360
-0.209077269 -0.022144351 0.977648377 29.658912659 0.011372313 0.999620914 0.025074096 -3.539315462 -0.977832973 0.016360551 -0.208746180 134.157852173
-0.210888475 -0.020675192 0.977291524 30.270273209 0.012119541 0.999644101 0.023763342 -3.524580717 -0.977434993 0.016855739 -0.210562825 134.027847290
-0.213175029 -0.020844229 0.976791680 30.900373459 0.012006913 0.999641001 0.023952210 -3.519979000 -0.976940215 0.016834266 -0.212848246 133.893783569
-0.215504885 -0.020324150 0.976291239 31.546518326 0.012213427 0.999649048 0.023506377 -3.502465010 -0.976426363 0.016989600 -0.215181008 133.754791260
-0.217012361 -0.021002945 0.975942910 32.215950012 0.012726873 0.999622703 0.024342516 -3.490962267 -0.976085842 0.017703330 -0.216663137 133.601989746
-0.218624145 -0.021367485 0.975575149 32.897529602 0.012321707 0.999620020 0.024655394 -3.476902962 -0.975731313 0.017411014 -0.218277797 133.453445435
-0.220651373 -0.020477427 0.975137770 33.582790375 0.012043815 0.999646127 0.023717325 -3.462809324 -0.975278378 0.016977640 -0.220326662 133.306427002
-0.222133622 -0.019621203 0.974818826 34.291450500 0.011993353 0.999666870 0.022854295 -3.447718620 -0.974942386 0.016768057 -0.221824303 133.146728516
-0.223258287 -0.018747332 0.974579036 35.025409698 0.011788866 0.999689996 0.021930985 -3.427082539 -0.974688053 0.016385458 -0.222968072 132.981658936
-0.224233285 -0.020598367 0.974317729 35.760242462 0.012615051 0.999631464 0.024036810 -3.418050051 -0.974453866 0.017680921 -0.223890796 132.814514160
-0.225064397 -0.023485946 0.974060714 36.523643494 0.013636017 0.999535739 0.027250886 -3.400690794 -0.974248528 0.019415516 -0.224639639 132.639724731
-0.226351202 -0.028173724 0.973638177 37.294830322 0.012877497 0.999407768 0.031913161 -3.384232759 -0.973960698 0.019761607 -0.225854322 132.465057373
-0.227061689 -0.029158767 0.973443687 38.098476410 0.014577142 0.999338090 0.033334613 -3.367281675 -0.973771274 0.021759048 -0.226486281 132.274551392
-0.227257922 -0.029430088 0.973389804 38.910530090 0.015913088 0.999297559 0.033928644 -3.343607903 -0.973704576 0.023200190 -0.226629958 132.088928223
-0.226622745 -0.026716841 0.973616004 39.735134125 0.014947225 0.999410570 0.030903842 -3.319715738 -0.973867893 0.021556370 -0.226089835 131.896179199
-0.225752145 -0.025478210 0.973851562 40.565814972 0.015885834 0.999428749 0.029829921 -3.291070700 -0.974055231 0.022204613 -0.225218430 131.707336426
-0.224600986 -0.024119467 0.974152327 41.417854309 0.016281247 0.999461234 0.028499911 -3.269282818 -0.974314749 0.022261521 -0.224087268 131.515991211
-0.223237306 -0.026582375 0.974401593 42.302291870 0.014798865 0.999420464 0.030655356 -3.249104261 -0.974651873 0.021263454 -0.222714543 131.320892334
-0.221629351 -0.026173586 0.974779606 43.189300537 0.015061920 0.999428689 0.030259958 -3.224464417 -0.975014627 0.021388549 -0.221108481 131.128402710
-0.218900397 -0.024828248 0.975431323 44.088813782 0.014668710 0.999479532 0.028732229 -3.202248573 -0.975636899 0.020597814 -0.218422249 130.930007935
-0.215384170 -0.023298342 0.976251423 44.997406006 0.016327808 0.999489665 0.027455226 -3.180701733 -0.976392865 0.021853466 -0.214893848 130.736846924
-0.211637080 -0.023891771 0.977056205 45.918506622 0.017629618 0.999445200 0.028257938 -3.155086040 -0.977189243 0.023205554 -0.211098447 130.536911011
