1.000000000 0.000000000 0.000000000 0.000000000 0.000000000 1.000000000 0.000000000 0.000000000 0.000000000 0.000000000 1.000000000 0.000000000
0.999999344 -0.000253102 0.001135194 0.000819349 0.000253334 0.999999940 -0.000204192 -0.004048567 -0.001135142 0.000204479 0.999999344 0.439625204
0.999996901 0.001621534 0.001902325 -0.002756217 -0.001616852 0.999995649 -0.002459896 -0.008177186 -0.001906305 0.002456812 0.999995172 0.872724712
0.999993622 0.003002412 0.001941280 -0.012170056 -0.002992741 0.999983191 -0.004965667 -0.010684213 -0.001956156 0.004959825 0.999985814 1.298900962
0.999998391 0.001755818 -0.000291296 -0.009540574 -0.001757255 0.999985874 -0.005009215 -0.023868222 0.000282497 0.005009719 0.999987423 1.742983818
0.999993086 -0.001211979 -0.003516076 -0.011144072 0.001190965 0.999981463 -0.005972285 -0.026235616 0.003523249 0.005968056 0.999975979 2.166473389
0.999959946 -0.004647042 -0.007649509 -0.010685853 0.004608377 0.999976575 -0.005064310 -0.031165734 0.007672864 0.005028856 0.999957919 2.592082739
0.999906421 -0.006630086 -0.011966150 -0.017307505 0.006579852 0.999969423 -0.004232441 -0.040023908 0.011993846 0.004153309 0.999919474 3.014865398
0.999863029 -0.004846516 -0.015826333 -0.033381611 0.004786318 0.999981165 -0.003839341 -0.047215093 0.015844647 0.003763065 0.999867380 3.430366278
0.999795914 -0.003780266 -0.019849241 -0.049752802 0.003706080 0.999985993 -0.003772879 -0.054280862 0.019863229 0.003698546 0.999795854 3.844794035
0.999690950 -0.003943735 -0.024544924 -0.060688164 0.003848823 0.999984920 -0.003912864 -0.065773420 0.024559984 0.003817185 0.999691069 4.253513336
0.999599516 -0.003183257 -0.028119016 -0.082549959 0.003073951 0.999987602 -0.003929632 -0.068402998 0.028131172 0.003841622 0.999596834 4.653443813
0.999466121 -0.004118090 -0.032412123 -0.096181400 0.003990876 0.999984026 -0.003988617 -0.074939609 0.032428037 0.003857135 0.999466598 5.050188541
0.999294281 -0.004372084 -0.037307471 -0.114680387 0.004176879 0.999977171 -0.005308666 -0.080156684 0.037329834 0.005149091 0.999289751 5.438773632
0.999101460 -0.005584948 -0.042011984 -0.129440546 0.005349437 0.999969423 -0.005716109 -0.087632388 0.042042624 0.005486233 0.999100745 5.820572853
0.998950362 -0.004725430 -0.045564234 -0.153436497 0.004509177 0.999978125 -0.004847747 -0.097169906 0.045586146 0.004637201 0.998949766 6.193374157
0.998791695 -0.003037275 -0.049048897 -0.177041084 0.002828788 0.999986649 -0.004319432 -0.104275450 0.049061362 0.004175464 0.998787045 6.549887657
0.998638690 -0.002525808 -0.052101556 -0.201225907 0.002327285 0.999989688 -0.003870628 -0.109643884 0.052110810 0.003744103 0.998634279 6.896706104
0.998510420 -0.001945436 -0.054526888 -0.221379161 0.001750163 0.999991894 -0.003628745 -0.118277729 0.054533511 0.003527909 0.998505652 7.229593277
0.998404264 -0.001078166 -0.056461953 -0.244743288 0.000880022 0.999993324 -0.003534087 -0.127889797 0.056465399 0.003478760 0.998398483 7.549872875
0.998334348 -0.000354652 -0.057692252 -0.265913486 0.000104350 0.999990523 -0.004341520 -0.132847846 0.057693250 0.004328269 0.998324990 7.857513905
0.998236179 -0.000487842 -0.059366256 -0.285532027 0.000191371 0.999987543 -0.004999517 -0.140032440 0.059367951 0.004979337 0.998223722 8.149567604
0.998153090 -0.000013169 -0.060748756 -0.307638884 -0.000336325 0.999983549 -0.005742875 -0.145731017 0.060747821 0.005752699 0.998136580 8.428811073
0.998049200 0.000994133 -0.062424194 -0.326869041 -0.001436005 0.999974191 -0.007034059 -0.154085249 0.062415592 0.007109979 0.998024940 8.700824738
0.998008847 0.001815546 -0.063048638 -0.348384917 -0.002332913 0.999964237 -0.008133199 -0.160332590 0.063031614 0.008264091 0.997977376 8.962616920
0.997964323 0.001588104 -0.063754760 -0.365306675 -0.002160085 0.999958038 -0.008903661 -0.168160260 0.063737936 0.009023252 0.997925818 9.221772194
0.997932494 0.001300551 -0.064256296 -0.382439971 -0.001951229 0.999947429 -0.010064573 -0.173220426 0.064239822 0.010169145 0.997882664 9.473513603
0.997893929 -0.000329126 -0.064865410 -0.399760783 -0.000415183 0.999934256 -0.011460851 -0.179758847 0.064864911 0.011463646 0.997828245 9.720426559
0.997831821 0.000154201 -0.065814726 -0.417208195 -0.001026844 0.999912024 -0.013225462 -0.185937569 0.065806910 0.013264371 0.997744143 9.967376709
0.997779727 0.002131185 -0.066566095 -0.438726306 -0.003033984 0.999904692 -0.013464306 -0.190955594 0.066531070 0.013636372 0.997691095 10.212924004
0.997690022 0.004426039 -0.067786962 -0.459016532 -0.005229267 0.999918163 -0.011676440 -0.195004642 0.067729741 0.012003943 0.997631431 10.460089684
0.997674704 0.003879604 -0.068044432 -0.477842718 -0.004465714 0.999954343 -0.008463645 -0.195677280 0.068008475 0.008747834 0.997646391 10.708045006
0.997671127 0.002620535 -0.068157665 -0.495205075 -0.003078776 0.999973357 -0.006619060 -0.201137692 0.068138503 0.006813490 0.997652590 10.950870514
0.997673750 0.001287169 -0.068157800 -0.509401679 -0.001839793 0.999965966 -0.008045841 -0.210491225 0.068145104 0.008152521 0.997642100 11.193131447
0.997651160 0.001418519 -0.068484798 -0.525576830 -0.002154911 0.999940634 -0.010679947 -0.219546691 0.068465598 0.010802440 0.997595012 11.427257538
0.997665823 0.002635916 -0.068233915 -0.544880509 -0.003460897 0.999922335 -0.011975089 -0.226912260 0.068197049 0.012183288 0.997597456 11.661211014
0.997672677 0.003384672 -0.068101116 -0.562007368 -0.004245833 0.999912798 -0.012504568 -0.234953031 0.068052858 0.012764613 0.997600079 11.896089554
0.997680008 0.002843858 -0.068019077 -0.577259362 -0.003724022 0.999910891 -0.012816656 -0.242848918 0.067976579 0.013040228 0.997601688 12.130146027
0.997695744 0.001430234 -0.067830443 -0.589411974 -0.002302942 0.999915481 -0.012789574 -0.246445894 0.067806415 0.012916315 0.997614920 12.365790367
0.997769535 0.001276792 -0.066739485 -0.609188199 -0.002056590 0.999930322 -0.011616812 -0.252388567 0.066720016 0.011728157 0.997702777 12.592006683
0.997841239 0.003199551 -0.065593824 -0.629175723 -0.004180691 0.999881208 -0.014826015 -0.256069094 0.065538600 0.015068238 0.997736156 12.832615852
0.997894228 0.006147912 -0.064570405 -0.651906133 -0.007642299 0.999707937 -0.022922106 -0.259576201 0.064410612 0.023367301 0.997649908 13.086007118
0.997966945 0.005647692 -0.063481495 -0.671896935 -0.007607664 0.999500394 -0.030675519 -0.261240274 0.063276522 0.031096103 0.997511387 13.355242729
0.998049140 0.002437036 -0.062384371 -0.681430459 -0.004505420 0.999443889 -0.033036321 -0.269087136 0.062269174 0.033252947 0.997505248 13.649884224
0.998151720 0.000937838 -0.060764346 -0.701026201 -0.002759102 0.999549150 -0.029895613 -0.278759360 0.060708918 0.030008011 0.997704327 13.951895714
0.998269856 0.000665980 -0.058795162 -0.718816996 -0.002295759 0.999614835 -0.027656414 -0.291394562 0.058754101 0.027743544 0.997886837 14.280776978
0.998392463 0.002271666 -0.056633580 -0.742312908 -0.003721033 0.999667883 -0.025499701 -0.305386245 0.056556843 0.025669444 0.998069346 14.617861748
0.998481333 0.001864381 -0.055060919 -0.758517504 -0.003222289 0.999692500 -0.024583437 -0.318391651 0.054998167 0.024723524 0.998180270 14.978976250
0.998573899 0.000182403 -0.053386495 -0.772740364 -0.001589199 0.999652565 -0.026309893 -0.330268145 0.053363148 0.026357213 0.998227239 15.337802887
0.998699844 -0.001277486 -0.050959464 -0.792196810 -0.000142306 0.999612153 -0.027847849 -0.338309467 0.050975278 0.027818894 0.998312354 15.709485054
0.998759747 -0.002280282 -0.049735937 -0.805435717 0.000904304 0.999616623 -0.027670661 -0.353779078 0.049779970 0.027591364 0.998378992 16.103919983
0.998835862 -0.002303621 -0.048182234 -0.828436196 0.001033589 0.999651670 -0.026367245 -0.367155135 0.048226204 0.026286749 0.998490393 16.492290497
0.998899162 -0.001854278 -0.046870034 -0.840742290 0.000719682 0.999706566 -0.024212575 -0.382731766 0.046901170 0.024152195 0.998607516 16.911605835
0.998929083 -0.002215875 -0.046213232 -0.859033525 0.001150837 0.999733448 -0.023060063 -0.394668400 0.046251997 0.022982188 0.998665392 17.326631546
0.998931706 -0.001152480 -0.046197586 -0.880141556 0.000100147 0.999740601 -0.022774816 -0.406056583 0.046211854 0.022745857 0.998672664 17.753513336
0.998888969 -0.000578703 -0.047121227 -0.904180110 -0.000469681 0.999752641 -0.022234563 -0.417633235 0.047122434 0.022231992 0.998641729 18.179847717
0.998848915 0.000073942 -0.047966633 -0.934617877 -0.001084676 0.999777913 -0.021045933 -0.426761299 0.047954421 0.021073734 0.998627186 18.619131088
0.998792112 0.000612937 -0.049131706 -0.959100783 -0.001531425 0.999824762 -0.018658934 -0.447180152 0.049111653 0.018711640 0.998617947 19.093900681
0.998758435 0.001660774 -0.049788088 -0.990800679 -0.002558617 0.999835253 -0.017974965 -0.463469625 0.049750030 0.018080037 0.998598039 19.550897598
0.998679638 0.007003305 -0.050891243 -1.022830367 -0.008009153 0.999776065 -0.019587709 -0.468738973 0.050742667 0.019969443 0.998512089 20.026475906
0.998656988 0.007592354 -0.051249180 -1.054127097 -0.008607042 0.999770761 -0.019607540 -0.484288990 0.051088557 0.020022318 0.998493433 20.495977402
0.998592734 0.007944873 -0.052436169 -1.074632049 -0.008806683 0.999829650 -0.016224872 -0.491920888 0.052298330 0.016663831 0.998492479 20.997720718
0.998561561 0.007654664 -0.053068150 -1.095507741 -0.008280773 0.999898553 -0.011588379 -0.503843069 0.052974060 0.012011154 0.998523593 21.480861664
0.998517632 0.007663223 -0.053887904 -1.120057583 -0.008091715 0.999937236 -0.007737862 -0.511461198 0.053825233 0.008162435 0.998516977 21.974355698
0.998473883 0.009067564 -0.054477353 -1.149641633 -0.009427750 0.999935329 -0.006358300 -0.522687852 0.054416180 0.006862195 0.998494744 22.464521408
0.998348773 0.014811291 -0.055502579 -1.182341456 -0.015107122 0.999873757 -0.004914225 -0.536226153 0.055422790 0.005744593 0.998446524 22.944723129
0.998322904 0.015245633 -0.055847794 -1.221236229 -0.015539485 0.999867499 -0.004831150 -0.549597204 0.055766735 0.005690893 0.998427629 23.433456421
0.998274267 0.013907847 -0.057053119 -1.249982834 -0.014284527 0.999878705 -0.006199756 -0.559251904 0.056959979 0.007004034 0.998351932 23.924348831
0.998273969 0.011840875 -0.057523478 -1.281529069 -0.012365160 0.999885023 -0.008766882 -0.560598612 0.057413064 0.009463038 0.998305678 24.418262482
0.998239756 0.011190097 -0.058242492 -1.309953690 -0.011760497 0.999886096 -0.009460034 -0.568777442 0.058130007 0.010128343 0.998257637 24.928184509
0.998238027 0.014059920 -0.057646859 -1.350419998 -0.014618655 0.999850035 -0.009282162 -0.577904940 0.057507712 0.010108529 0.998293877 25.421443939
0.998252749 0.014729388 -0.057222687 -1.380339146 -0.015188903 0.999855757 -0.007603613 -0.597451985 0.057102438 0.008459480 0.998332441 25.962230682
0.998294055 0.015771771 -0.056214403 -1.414420247 -0.016219672 0.999840200 -0.007520386 -0.606163204 0.056086801 0.008419335 0.998390377 26.473369598
0.998402178 0.015180801 -0.054429408 -1.451535463 -0.015593135 0.999852836 -0.007158890 -0.616413653 0.054312713 0.007996176 0.998491943 26.984823227
0.998434067 0.014867748 -0.053931270 -1.470406532 -0.015295567 0.999854684 -0.007528537 -0.627939105 0.053811513 0.008341656 0.998516262 27.504661560
0.998501539 0.013481147 -0.053037431 -1.495472312 -0.013899777 0.999875009 -0.007532179 -0.636975765 0.052929260 0.008258100 0.998564065 28.029081345
0.998590589 0.012153869 -0.051661260 -1.527018189 -0.012567306 0.999891520 -0.007685581 -0.649146557 0.051562242 0.008323992 0.998635113 28.559072495
0.998652160 0.011313606 -0.050654173 -1.554736853 -0.011744172 0.999897242 -0.008210506 -0.656888545 0.050556086 0.008794331 0.998682499 29.091253281
0.998689055 0.011735315 -0.049823590 -1.582277775 -0.012184144 0.999887824 -0.008714193 -0.663433194 0.049715731 0.009309828 0.998719990 29.621971130
0.998717308 0.011759836 -0.049249370 -1.607827067 -0.012239182 0.999880493 -0.009442780 -0.671917737 0.049132437 0.010033441 0.998741865 30.169767380
0.998758435 0.011683797 -0.048425823 -1.637576818 -0.012169583 0.999878407 -0.009748844 -0.682055116 0.048306018 0.010326062 0.998779237 30.712644577
0.998810053 0.009526132 -0.047828622 -1.661039233 -0.009994909 0.999904215 -0.009571632 -0.695802808 0.047732856 0.010038286 0.998809636 31.260751724
0.998829901 0.008946836 -0.047525007 -1.687433720 -0.009433501 0.999905288 -0.010025825 -0.706309855 0.047430802 0.010462421 0.998819768 31.809234619
0.998842597 0.009224880 -0.047204815 -1.713377953 -0.009744268 0.999894321 -0.010784565 -0.714731336 0.047100339 0.011232058 0.998826981 32.367565155
0.998868346 0.007768764 -0.046922114 -1.740727663 -0.008313475 0.999900162 -0.011424847 -0.726329327 0.046828676 0.011802006 0.998833239 32.930706024
0.998887062 0.007670429 -0.046537634 -1.773484349 -0.008264268 0.999886692 -0.012581457 -0.733091354 0.046435863 0.012952056 0.998837352 33.507217407
0.998890758 0.006861675 -0.046584982 -1.799317360 -0.007473979 0.999887764 -0.012982353 -0.746344090 0.046490680 0.013316126 0.998830020 34.082302094
0.998901010 0.007326222 -0.046292942 -1.831579328 -0.007951411 0.999879420 -0.013335367 -0.763053238 0.046189662 0.013688806 0.998838842 34.666671753
0.998875618 0.006706963 -0.046930760 -1.858512044 -0.007346773 0.999882221 -0.013473852 -0.776799202 0.046834864 0.013803491 0.998807251 35.249996185
0.998884320 0.007533420 -0.046621092 -1.897688866 -0.008177379 0.999873579 -0.013637315 -0.788042605 0.046512455 0.014003338 0.998819530 35.836242676
0.998864233 0.007293363 -0.047088511 -1.920362711 -0.007926296 0.999880552 -0.013268673 -0.811831832 0.046986125 0.013626839 0.998802543 36.440509796
0.998820305 0.006536425 -0.048118699 -1.942553520 -0.007173248 0.999888837 -0.013073661 -0.824272871 0.048027899 0.013403403 0.998756111 37.037693024
0.998800457 0.006815993 -0.048490122 -1.977394819 -0.007366076 0.999910474 -0.011174580 -0.847419083 0.048409618 0.011518356 0.998761177 37.644359589
0.998772025 0.006615787 -0.049097799 -2.006924629 -0.007167457 0.999913096 -0.011068609 -0.853685796 0.049020294 0.011406922 0.998732686 38.254936218
0.998745024 0.006978504 -0.049594898 -2.036138058 -0.007527287 0.999912322 -0.010887124 -0.869552135 0.049514569 0.011246775 0.998710215 38.872051239
0.998696744 0.007722326 -0.050448082 -2.070891380 -0.008226806 0.999918103 -0.009799994 -0.886561453 0.050368275 0.010202249 0.998678625 39.479343414
0.998637199 0.007380515 -0.051665399 -2.103065014 -0.007903310 0.999919474 -0.009921896 -0.896316648 0.051588021 0.010316703 0.998615146 40.081115723
0.998574078 0.007544155 -0.052846748 -2.135874748 -0.008114621 0.999910951 -0.010588499 -0.908376575 0.052762166 0.011002230 0.998546481 40.698505402
0.998530269 0.005582023 -0.053908743 -2.170287609 -0.006192217 0.999918580 -0.011158620 -0.923694789 0.053842064 0.011476037 0.998483479 41.305824280
0.998473525 0.006624376 -0.054834329 -2.210739136 -0.007270887 0.999906301 -0.011599164 -0.936715126 0.054752357 0.011980151 0.998428166 41.912105560
0.998411000 0.006158757 -0.056013443 -2.250929117 -0.006860050 0.999900341 -0.012336435 -0.951792836 0.055931892 0.012701088 0.998353779 42.515041351
0.998360097 0.007264212 -0.056782681 -2.287934065 -0.007949946 0.999898076 -0.011859903 -0.970491767 0.056690738 0.012291872 0.998316109 43.123016357
0.998266697 0.005351114 -0.058609214 -2.314043045 -0.006022169 0.999918222 -0.011279002 -0.982517123 0.058544070 0.011612404 0.998217225 43.739791870
0.998189330 0.004861691 -0.059954017 -2.351207495 -0.005501433 0.999929547 -0.010510072 -1.001347065 0.059898704 0.010820876 0.998145700 44.353061676
0.998117149 0.006607737 -0.060980432 -2.396134853 -0.007237932 0.999922574 -0.010119262 -1.019689202 0.060908843 0.010541581 0.998087645 44.964332581
0.998148322 0.007913289 -0.060309380 -2.452945948 -0.008677385 0.999885261 -0.012418258 -1.028499007 0.060204178 0.012918591 0.998102605 45.574085236
0.998087943 0.007653926 -0.061333381 -2.496678114 -0.008641757 0.999836922 -0.015856870 -1.042554617 0.061202016 0.016356580 0.997991383 46.184589386
0.998036146 0.004780148 -0.062457640 -2.533399343 -0.005983578 0.999799788 -0.019095121 -1.059225321 0.062353849 0.019431338 0.997864902 46.797985077
0.997977614 0.002712174 -0.063509509 -2.572181940 -0.004047862 0.999773026 -0.020912061 -1.077170849 0.063438393 0.021126844 0.997762024 47.409111023
0.997909069 0.003101666 -0.064558737 -2.606685638 -0.004536268 0.999745786 -0.022086950 -1.097239852 0.064473808 0.022333626 0.997669399 48.019084930
0.997819424 0.006271557 -0.065703236 -2.653811932 -0.007647445 0.999756277 -0.020710409 -1.111426711 0.065557346 0.021167712 0.997624278 48.627502441
0.997818768 0.006914984 -0.065648332 -2.707851887 -0.007939382 0.999850571 -0.015356284 -1.132659674 0.065532327 0.015843997 0.997724652 49.234580994
0.997751713 0.005281294 -0.066808395 -2.743059397 -0.005915608 0.999939263 -0.009300260 -1.146811724 0.066755205 0.009674561 0.997722507 49.858108521
0.997763455 0.004549007 -0.066688605 -2.787142754 -0.004657579 0.999988079 -0.001472660 -1.161724806 0.066681109 0.001779973 0.997772753 50.475181580
0.997731864 0.006345661 -0.067013673 -2.827911377 -0.006042174 0.999970615 0.004730432 -1.169461131 0.067041717 -0.004314796 0.997740924 51.089359283
0.997829258 0.006517054 -0.065531291 -2.870955467 -0.006007462 0.999950171 0.007970355 -1.182512045 0.065579958 -0.007559378 0.997818649 51.718982697
0.997875154 0.006956808 -0.064781256 -2.910507679 -0.006475654 0.999949813 0.007634388 -1.187258124 0.064831115 -0.007198667 0.997870207 52.333301544
0.998014450 0.007827846 -0.062497012 -2.952482224 -0.007578067 0.999962330 0.004232691 -1.190319777 0.062527791 -0.003750680 0.998036146 52.942066193
0.998112500 0.009122035 -0.060731158 -2.994801044 -0.009128641 0.999958277 0.000168673 -1.192254066 0.060730178 0.000386038 0.998154163 53.553638458
0.998187959 0.007095221 -0.059753608 -3.029407024 -0.007290700 0.999968767 -0.003054013 -1.199858665 0.059730072 0.003484124 0.998208463 54.171398163
0.998284340 0.004655244 -0.058369081 -3.066787958 -0.005003341 0.999970615 -0.005818986 -1.208858490 0.058340270 0.006101042 0.998278081 54.779125214
0.998404682 0.005125128 -0.056230497 -3.108616829 -0.005538526 0.999958754 -0.007198455 -1.217173338 0.056191284 0.007498404 0.998391867 55.391342163
0.998399675 0.007128380 -0.056099564 -3.140595198 -0.007492084 0.999952257 -0.006275528 -1.233949661 0.056052145 0.006685789 0.998405457 55.995090485
0.998439729 0.009003641 -0.055107947 -3.184787512 -0.009371703 0.999935508 -0.006424144 -1.244528770 0.055046551 0.006930578 0.998459697 56.602283478
0.998468518 0.009482684 -0.054503895 -3.222719669 -0.009872300 0.999927521 -0.006883588 -1.258022666 0.054434672 0.007411125 0.998489797 57.215694427
0.998438418 0.009514502 -0.055047382 -3.258247137 -0.009877326 0.999931157 -0.006322816 -1.270327330 0.054983437 0.006856664 0.998463690 57.831100464
0.998395383 0.009535595 -0.055818990 -3.291465521 -0.009943652 0.999925792 -0.007037209 -1.287495613 0.055747747 0.007580960 0.998416066 58.434749603
0.998350024 0.010581208 -0.056437287 -3.325242043 -0.011052265 0.999906659 -0.008040955 -1.301511645 0.056346938 0.008651448 0.998373747 59.039196014
0.998280227 0.011822486 -0.057418685 -3.362893820 -0.012305317 0.999891818 -0.008062652 -1.310658336 0.057317149 0.008755341 0.998317659 59.649105072
0.998290241 0.013190647 -0.056943376 -3.410155535 -0.013632750 0.999879777 -0.007382415 -1.328351259 0.056839153 0.008146088 0.998350203 60.259708405
0.998279154 0.012957642 -0.057191670 -3.448684216 -0.013340662 0.999891043 -0.006320384 -1.343421698 0.057103537 0.007072482 0.998343229 60.872318268
0.998216569 0.012822937 -0.058302969 -3.479378223 -0.013225031 0.999891341 -0.006515963 -1.353576183 0.058213081 0.007275401 0.998277664 61.490871429
0.998165309 0.012538481 -0.059235517 -3.509736538 -0.012924759 0.999897659 -0.006142437 -1.367087245 0.059152439 0.006896772 0.998225152 62.089599609
0.998172641 0.013165420 -0.058974203 -3.555098057 -0.013527659 0.999892056 -0.005747303 -1.380579710 0.058892172 0.006534583 0.998242915 62.682804108
0.998128712 0.012106261 -0.059936989 -3.586451054 -0.012426665 0.999910414 -0.004975784 -1.399348140 0.059871379 0.005711289 0.998189747 63.284488678
0.998091280 0.013410619 -0.060282174 -3.631756783 -0.013744830 0.999892414 -0.005132846 -1.409042001 0.060206857 0.005951617 0.998168111 63.868423462
0.998037934 0.014234331 -0.060972791 -3.663979292 -0.014574844 0.999880493 -0.005143561 -1.417638421 0.060892295 0.006022138 0.998126149 64.458335876
0.997992158 0.014595795 -0.061633408 -3.706915617 -0.014915096 0.999877572 -0.004723726 -1.429549694 0.061556924 0.005633509 0.998087645 65.043586731
0.997912169 0.015061835 -0.062805600 -3.745352268 -0.015363665 0.999872565 -0.004325575 -1.441007376 0.062732458 0.005281467 0.998016357 65.629180908
0.997825265 0.015719866 -0.064011917 -3.790565491 -0.016017698 0.999863088 -0.004142186 -1.450660706 0.063938059 0.005158501 0.997940481 66.204208374
0.997689784 0.016421748 -0.065919898 -3.833155155 -0.016654022 0.999856889 -0.002975581 -1.462752700 0.065861598 0.004066537 0.997820377 66.774917603
0.997553766 0.017780077 -0.067604356 -3.880202770 -0.017978169 0.999835670 -0.002322898 -1.474735975 0.067551956 0.003532618 0.997709513 67.336349487
0.997369349 0.018718095 -0.070028879 -3.923568487 -0.018908074 0.999819100 -0.002050869 -1.483866572 0.069977820 0.003369585 0.997542799 67.912307739
0.997159660 0.019818805 -0.072662458 -3.970144749 -0.019970797 0.999799669 -0.001365683 -1.496534586 0.072620817 0.002812932 0.997355700 68.487388611
0.996959031 0.020784000 -0.075104557 -4.019550323 -0.020998180 0.999777436 -0.002063083 -1.501642585 0.075044945 0.003633867 0.997173607 69.070182800
0.996714592 0.021884616 -0.077981897 -4.080650330 -0.022147080 0.999751627 -0.002502346 -1.512583971 0.077907749 0.004221196 0.996951580 69.631347656
0.996450841 0.020490378 -0.081644580 -4.126679897 -0.020849105 0.999776363 -0.003543582 -1.526785612 0.081553705 0.005233222 0.996655226 70.235961914
0.996185958 0.020781560 -0.084743105 -4.180311680 -0.021184318 0.999768257 -0.003856173 -1.536032677 0.084643304 0.005636692 0.996395350 70.797409058
0.995888650 0.020515608 -0.088232204 -4.236658096 -0.021067996 0.999763787 -0.005333830 -1.547139764 0.088101931 0.007170776 0.996085703 71.351730347
0.995584309 0.019825926 -0.091754504 -4.289364338 -0.020448294 0.999773800 -0.005847781 -1.562192202 0.091617815 0.007698183 0.995764494 71.907859802
0.995232046 0.019377848 -0.095591374 -4.339884758 -0.020107027 0.999775589 -0.006670664 -1.568264484 0.095440671 0.008560915 0.995398223 72.459091187
0.994917512 0.019129895 -0.098859556 -4.395211220 -0.019956930 0.999773622 -0.007383588 -1.577748060 0.098695919 0.009318994 0.995073974 72.992500305
0.994699121 0.018045723 -0.101231627 -4.452296257 -0.018866120 0.999796450 -0.007152542 -1.585379124 0.101081945 0.009024478 0.994837165 73.520767212
0.994594574 0.019835927 -0.101922221 -4.512594223 -0.020610692 0.999766231 -0.006553996 -1.595207334 0.101768374 0.008619255 0.994770765 74.038810730
0.994664431 0.022152491 -0.100756884 -4.572077751 -0.022851488 0.999722064 -0.005788443 -1.602535725 0.100600637 0.008060002 0.994894207 74.536643982
0.994871795 0.023631206 -0.098344453 -4.616914749 -0.024268627 0.999691606 -0.005290240 -1.618044615 0.098189101 0.007649798 0.995138347 75.017005920
0.995339334 0.024647444 -0.093230806 -4.658634663 -0.025223404 0.999669373 -0.005004251 -1.629330039 0.093076646 0.007332527 0.995631933 75.476631165
0.996042728 0.026830915 -0.084728457 -4.697489738 -0.027347486 0.999613702 -0.004941843 -1.641791463 0.084563129 0.007239397 0.996391833 75.942924500
0.997048974 0.029559461 -0.070849538 -4.724909306 -0.029980315 0.999538541 -0.004883872 -1.649920940 0.070672482 0.006993552 0.997474968 76.386566162
0.998157680 0.032888498 -0.050987389 -4.741687775 -0.033156302 0.999440432 -0.004415273 -1.661592722 0.050813649 0.006097692 0.998689532 76.815719604
0.999088645 0.034574978 -0.025030110 -4.749232292 -0.034698322 0.999387622 -0.004510120 -1.671781778 0.024858845 0.005374513 0.999676526 77.238784790
0.999375761 0.034866143 0.005697537 -4.726065636 -0.034837984 0.999380648 -0.004969262 -1.683261395 -0.005867269 0.004767668 0.999971509 77.652130127
0.998552322 0.033062905 0.042431176 -4.687906265 -0.032830793 0.999441981 -0.006155725 -1.696374655 -0.042611025 0.004753762 0.999080420 78.054039001
0.995944381 0.031423245 0.084305599 -4.626300335 -0.030927718 0.999495864 -0.007177701 -1.707968712 -0.084488630 0.004541212 0.996414065 78.454193115
0.991038680 0.029050149 0.130378067 -4.545459747 -0.028182326 0.999566674 -0.008496727 -1.719797134 -0.130568430 0.004746228 0.991427898 78.843566895
0.983243346 0.025984595 0.180436447 -4.439291954 -0.024619926 0.999648869 -0.009798982 -1.731768370 -0.180627733 0.005192450 0.983537853 79.224182129
0.972279549 0.022031019 0.232781515 -4.308143616 -0.019911833 0.999736130 -0.011449958 -1.740893722 -0.232972383 0.006497452 0.972461700 79.586250305
0.957369745 0.018489756 0.288272977 -4.169498444 -0.015722828 0.999805450 -0.011910927 -1.756245613 -0.288437098 0.006870694 0.957474113 79.918716431
0.938380122 0.013479563 0.345341891 -3.993850708 -0.010358898 0.999887109 -0.010880413 -1.765984297 -0.345449567 0.006632600 0.938413858 80.254371643
0.915452838 0.010327114 0.402292609 -3.801990509 -0.007093988 0.999929547 -0.009525835 -1.777647495 -0.402362525 0.005866593 0.915461600 80.572067261
0.888176382 0.004735094 0.459478229 -3.602005005 -0.001331051 0.999969244 -0.007732118 -1.788083553 -0.459500700 0.006255895 0.888155341 80.854621887
0.857863605 0.001004985 0.513876438 -3.371257782 0.002454374 0.999978721 -0.006052975 -1.803040504 -0.513871670 0.006453872 0.857842863 81.138992310
0.823383987 0.001212585 0.567483425 -3.121974945 0.003370715 0.999969721 -0.007027412 -1.814382076 -0.567474663 0.007699084 0.823354900 81.412841797
0.784497261 0.005369305 0.620109081 -2.861915588 -0.000023199 0.999962747 -0.008628974 -1.811695933 -0.620132327 0.006755020 0.784468174 81.687347412
0.741539359 0.008416036 0.670856714 -2.576099396 -0.004157179 0.999959767 -0.007949515 -1.817248940 -0.670896590 0.003106006 0.741544485 81.942565918
0.694223344 0.009035992 0.719702840 -2.270809174 -0.006344410 0.999959111 -0.006434858 -1.826259613 -0.719731688 -0.000098862 0.694252372 82.185699463
0.642804384 0.007529750 0.765993357 -1.963375092 -0.004878126 0.999971747 -0.005736153 -1.837474227 -0.766014874 -0.000049388 0.642822862 82.388412476
0.588339210 0.006518421 0.808587909 -1.624065399 -0.004296955 0.999978602 -0.004934793 -1.848008156 -0.808602810 -0.000571134 0.588354647 82.578987122
0.529967546 0.008664648 0.847973645 -1.271156311 -0.007905673 0.999954820 -0.005276704 -1.853956819 -0.847981095 -0.003907321 0.530012131 82.753044128
0.470031142 0.009400547 0.882599711 -0.910190582 -0.008499374 0.999945045 -0.006124021 -1.861402750 -0.882609010 -0.004623064 0.470085293 82.904167175
0.413265586 0.008697248 0.910569012 -0.537969589 -0.006969095 0.999955237 -0.006388064 -1.872487545 -0.910583973 -0.003705874 0.413307726 83.023620605
0.360513806 0.007587733 0.932723045 -0.157571793 -0.001739845 0.999970734 -0.007462313 -1.880629301 -0.932752371 0.001067473 0.360516399 83.125839233
0.311467111 0.007516159 0.950227201 0.237354279 0.002233633 0.999960184 -0.008641683 -1.886632681 -0.950254261 0.004814059 0.311437935 83.209411621
0.266854733 0.007997090 0.963703573 0.635845184 0.004450659 0.999944687 -0.009530241 -1.894430757 -0.963726461 0.006832306 0.266804338 83.289382935
0.227268308 0.008458727 0.973795474 1.040416718 0.004472378 0.999942601 -0.009729632 -1.901639938 -0.973821938 0.006566418 0.227217421 83.355613708
0.191075295 0.008590019 0.981537819 1.462652206 0.005868157 0.999933898 -0.009893366 -1.910574794 -0.981557906 0.007650195 0.191012233 83.411628723
0.159154981 0.009476589 0.987208128 1.887154579 0.007933759 0.999909341 -0.010877570 -1.917378783 -0.987221837 0.009563491 0.159065381 83.457061768
0.131302357 0.010389178 0.991288006 2.327318192 0.010152646 0.999878585 -0.011823996 -1.923273563 -0.991290331 0.011616712 0.131180972 83.497711182
0.107099392 0.010744607 0.994190216 2.746975899 0.010891262 0.999868929 -0.011979242 -1.940554142 -0.994188666 0.012110957 0.106968343 83.521926880
0.085409433 0.010775324 0.996287644 3.197915077 0.012248449 0.999854565 -0.011863934 -1.951696396 -0.996270597 0.013216272 0.085265033 83.544288635
0.066483349 0.012114350 0.997713983 3.657999992 0.014090218 0.999815106 -0.013078776 -1.956320286 -0.997688055 0.014927528 0.066300377 83.566261292
0.050818346 0.013637210 0.998614728 4.142606735 0.017022008 0.999749660 -0.014518938 -1.969631791 -0.998562813 0.017736256 0.050573491 83.572189331
0.037295621 0.015203814 0.999188602 4.614492416 0.018194102 0.999708176 -0.015890829 -1.977925062 -0.999138653 0.018771997 0.037008114 83.587440491
0.027260557 0.015506437 0.999508142 5.112717628 0.019095832 0.999689102 -0.016030069 -1.990366459 -0.999446034 0.019523423 0.026955970 83.596031189
0.020899853 0.015380752 0.999663293 5.624832630 0.019731371 0.999680638 -0.015793540 -2.000680447 -0.999586880 0.020054808 0.020589691 83.602943420
0.016794655 0.015845783 0.999733388 6.155883312 0.020897120 0.999650419 -0.016195523 -2.009977341 -0.999640584 0.021163547 0.016457651 83.604530334
0.014026017 0.016344979 0.999768019 6.691121578 0.020720566 0.999646902 -0.016633695 -2.018499851 -0.999686956 0.020949064 0.013682388 83.613784790
0.013261317 0.014767346 0.999802947 7.254116058 0.020425737 0.999678254 -0.015036428 -2.036572218 -0.999703467 0.020621117 0.012955420 83.624008179
0.014599867 0.014195635 0.999792576 7.832129002 0.019490311 0.999705136 -0.014479009 -2.046239853 -0.999703407 0.019697657 0.014318888 83.637962341
0.016844388 0.013512520 0.999766767 8.411782265 0.019675007 0.999710560 -0.013843250 -2.058677197 -0.999664605 0.019903595 0.016573651 83.653556824
0.019622453 0.012836495 0.999725044 9.010799408 0.019349458 0.999725401 -0.013216289 -2.069589376 -0.999620259 0.019603470 0.019368684 83.672073364
0.022599014 0.012796918 0.999662638 9.626839638 0.018553898 0.999740481 -0.013217354 -2.082560301 -0.999572456 0.018846333 0.022355717 83.699386597
0.027130611 0.012840637 0.999549389 10.278171539 0.018201131 0.999745369 -0.013337187 -2.093507290 -0.999466181 0.018554777 0.026889987 83.708518982
0.030592719 0.011427181 0.999466598 10.915277481 0.018111752 0.999764144 -0.011984967 -2.102863073 -0.999367833 0.018468743 0.030378535 83.740470886
0.034776356 0.010104041 0.999344051 11.559565544 0.018132884 0.999777913 -0.010739438 -2.118093967 -0.999230564 0.018494470 0.034585416 83.775382996
0.039963175 0.009123641 0.999159575 12.226842880 0.018672351 0.999776840 -0.009876115 -2.131718159 -0.999026716 0.019051339 0.039783895 83.801170349
0.044217337 0.007432720 0.998994291 12.903768539 0.020925486 0.999746144 -0.008364512 -2.142205477 -0.998802781 0.021274298 0.044050574 83.833587646
0.048582353 0.006993430 0.998794675 13.575062752 0.021855505 0.999728560 -0.008063043 -2.150322437 -0.998580098 0.022220882 0.048416328 83.873855591
0.053389449 0.005744422 0.998557270 14.254083633 0.022422126 0.999724329 -0.006949970 -2.162235498 -0.998322010 0.022760831 0.053245932 83.913108826
0.058072623 0.004502221 0.998302162 14.939403534 0.021550011 0.999751270 -0.005762349 -2.170235157 -0.998079717 0.021848058 0.057961144 83.957351685
0.062825300 0.004494056 0.998014510 15.624629974 0.021692149 0.999747515 -0.005867388 -2.180196047 -0.997788787 0.022017697 0.062711954 84.003143311
0.065995298 0.003825191 0.997812629 16.313228607 0.022096341 0.999741733 -0.005294039 -2.198100567 -0.997575223 0.022397390 0.065893732 84.053878784
0.066606104 0.004456568 0.997769415 17.017292023 0.020803470 0.999766409 -0.005854224 -2.209151983 -0.997562408 0.021146992 0.066497847 84.110137939
0.066669151 0.005358905 0.997760773 17.712661743 0.021156233 0.999753177 -0.006783238 -2.218392134 -0.997550786 0.021561090 0.066539310 84.155548096
0.066168807 0.005717927 0.997792125 18.419996262 0.021628018 0.999740481 -0.007163358 -2.231843472 -0.997574091 0.022054261 0.066027977 84.202735901
0.065138213 0.006440997 0.997855484 19.137573242 0.023301018 0.999696672 -0.007973930 -2.243836403 -0.997604191 0.023770457 0.064968370 84.257286072
0.064644992 0.006584208 0.997886598 19.863695145 0.023351807 0.999694407 -0.008108911 -2.263297319 -0.997635067 0.023826657 0.064471468 84.309188843
0.064069189 0.005687281 0.997929215 20.592775345 0.023723772 0.999692500 -0.007220446 -2.276221037 -0.997663438 0.024137257 0.063914567 84.357498169
0.063643798 0.005100993 0.997959614 21.330369949 0.024046090 0.999688804 -0.006643344 -2.286245346 -0.997682929 0.024419839 0.063501313 84.403312683
0.063083656 0.004533470 0.997997999 22.067367554 0.024583057 0.999679327 -0.006095007 -2.299835920 -0.997705400 0.024918336 0.062951989 84.450454712
0.062621512 0.004899788 0.998025239 22.800165176 0.025064772 0.999664843 -0.006480535 -2.313615322 -0.997722566 0.025421098 0.062477712 84.502021790
0.062668145 0.006110284 0.998015702 23.534761429 0.024962718 0.999658883 -0.007687821 -2.329761744 -0.997722149 0.025394967 0.062494233 84.549598694
0.062793858 0.007731382 0.997996688 24.267475128 0.025910106 0.999620259 -0.009374225 -2.343661785 -0.997690141 0.026446842 0.062569700 84.601257324
0.063226834 0.008223113 0.997965276 25.004386902 0.027232988 0.999579489 -0.009961780 -2.358470440 -0.997627497 0.027807431 0.062976316 84.649299622
0.063823059 0.008271796 0.997926950 25.739204407 0.028886179 0.999531329 -0.010132527 -2.375386238 -0.997543097 0.029472988 0.063554205 84.696304321
0.064095370 0.007027877 0.997919023 26.476408005 0.029704330 0.999518692 -0.008947021 -2.389905930 -0.997501612 0.030215979 0.063855782 84.743614197
0.064575151 0.004686915 0.997901738 27.210300446 0.029385092 0.999546349 -0.006596175 -2.404867649 -0.997480035 0.029749386 0.064408138 84.795959473
0.065106794 0.003590172 0.997871876 27.950765610 0.029266972 0.999556422 -0.005505776 -2.417754412 -0.997448981 0.029563151 0.064972848 84.847434998
0.065438762 0.003289496 0.997851074 28.684488297 0.029523794 0.999550343 -0.005231259 -2.432079077 -0.997419715 0.029802682 0.065312214 84.897018433
0.065611236 0.004193875 0.997836530 29.416040421 0.028991429 0.999561012 -0.006107412 -2.444023848 -0.997424006 0.029329421 0.065460838 84.950927734
0.064094193 0.005186499 0.997930288 30.150922775 0.027245453 0.999604642 -0.006945096 -2.459670544 -0.997571886 0.027634209 0.063927554 85.001853943
0.061608084 0.005761499 0.998083711 30.878944397 0.025136897 0.999657273 -0.007322191 -2.472321987 -0.997783899 0.025539838 0.061442122 85.054374695
0.059271928 0.005499086 0.998226643 31.609989166 0.023617066 0.999697208 -0.006909502 -2.493097067 -0.997962534 0.023984727 0.059124105 85.105003357
0.057176579 0.005447647 0.998349190 32.349693298 0.023498129 0.999700725 -0.006800786 -2.506722212 -0.998087525 0.023848183 0.057031460 85.147529602
0.055163082 0.005444980 0.998462558 33.079982758 0.023122827 0.999709964 -0.006729274 -2.519457340 -0.998209655 0.023458481 0.055021185 85.195259094
0.053100891 0.005558720 0.998573661 33.816066742 0.022727270 0.999718726 -0.006773656 -2.536270618 -0.998330534 0.023054538 0.052959625 85.240203857
0.051617898 0.005740473 0.998650551 34.545181274 0.021418208 0.999747038 -0.006853835 -2.549361467 -0.998437226 0.021743078 0.051481899 85.281867981
0.050422043 0.005080309 0.998715103 35.278038025 0.021234123 0.999755502 -0.006157648 -2.563722134 -0.998502254 0.021517320 0.050301839 85.324913025
0.049705971 0.004615141 0.998753309 36.008800507 0.022463040 0.999731064 -0.005737602 -2.579110384 -0.998511314 0.022720221 0.049588937 85.359214783
0.049442749 0.004356863 0.998767436 36.742355347 0.022756360 0.999725997 -0.005487569 -2.589743376 -0.998517692 0.022999629 0.049330063 85.399818420
0.049576815 0.004094698 0.998761952 37.474739075 0.023739431 0.999704242 -0.005276946 -2.601903200 -0.998488069 0.023971656 0.049464948 85.441154480
0.050031506 0.004797375 0.998736143 38.203990936 0.023743326 0.999700189 -0.005991424 -2.616543293 -0.998465419 0.024013076 0.049902599 85.478904724
0.050084412 0.004904852 0.998732865 38.940979004 0.023767393 0.999698877 -0.006101482 -2.630750179 -0.998462260 0.024042867 0.049952745 85.520744324
0.050406527 0.004990261 0.998716295 39.674171448 0.023649275 0.999701142 -0.006188791 -2.644238234 -0.998448730 0.023930868 0.050273459 85.561172485
0.050453894 0.004828194 0.998714685 40.397148132 0.023500759 0.999705672 -0.006020215 -2.655951023 -0.998449922 0.023774294 0.050325576 85.604141235
0.050893061 0.004243417 0.998695076 41.124416351 0.023218079 0.999715626 -0.005430935 -2.675246716 -0.998434186 0.023464177 0.050780058 85.649742126
0.051221862 0.004137936 0.998678744 41.863010406 0.023339475 0.999713361 -0.005339296 -2.684914589 -0.998414457 0.023582123 0.051110607 85.681556702
0.051142059 0.004574950 0.998680949 42.597118378 0.022598315 0.999728143 -0.005736999 -2.696131229 -0.998435676 0.022861911 0.051024772 85.723564148
0.050504390 0.004540765 0.998713493 43.325248718 0.021193417 0.999759555 -0.005617260 -2.707732677 -0.998498857 0.021449847 0.050396014 85.769447327
0.049631581 0.004909002 0.998755455 44.058155060 0.020538487 0.999771416 -0.005934622 -2.721577406 -0.998556376 0.020807473 0.049519412 85.811157227
0.048998717 0.005050087 0.998786092 44.785266876 0.020654080 0.999768257 -0.006068308 -2.735328913 -0.998585224 0.020926345 0.048883066 85.855438232
0.048322540 0.004527704 0.998821497 45.520824432 0.021437956 0.999754667 -0.005569093 -2.751229763 -0.998601615 0.021681804 0.048213623 85.886085510
0.047657918 0.005086366 0.998850703 46.254032135 0.021753753 0.999744594 -0.006128849 -2.763067961 -0.998626709 0.022020835 0.047535092 85.923614502
0.046965681 0.005273684 0.998882592 46.982921600 0.022250086 0.999732435 -0.006324331 -2.779617786 -0.998648643 0.022522248 0.046835765 85.958938599
0.046374075 0.005832823 0.998907149 47.722682953 0.021406144 0.999747515 -0.006831507 -2.794252396 -0.998694718 0.021699550 0.046237506 85.998184204
0.045918819 0.006137595 0.998926342 48.448814392 0.021319604 0.999747336 -0.007122662 -2.807921886 -0.998717666 0.021623783 0.045776367 86.036392212
0.045597613 0.005809799 0.998943031 49.184425354 0.020787397 0.999761045 -0.006763415 -2.820593357 -0.998743594 0.021073824 0.045465942 86.076728821
0.045135997 0.005202972 0.998967171 49.921195984 0.020928526 0.999762058 -0.006152718 -2.840663433 -0.998761594 0.021184623 0.045016363 86.113067627
0.044832226 0.005149188 0.998981237 50.662456512 0.019821741 0.999785304 -0.006042891 -2.853380680 -0.998797774 0.020072462 0.044720531 86.153167725
0.044319507 0.005368941 0.999002934 51.399360657 0.018435994 0.999810874 -0.006191173 -2.864339590 -0.998847246 0.018692007 0.044212140 86.194000244
0.044304233 0.005498451 0.999002934 52.141876221 0.017893257 0.999820054 -0.006296487 -2.884680271 -0.998857796 0.018154379 0.044197872 86.226577759
0.043677669 0.005703271 0.999029338 52.875637054 0.017358882 0.999828458 -0.006466764 -2.895702600 -0.998894870 0.017624484 0.043571174 86.268608093
0.043099422 0.005833388 0.999053657 53.609493256 0.017906290 0.999817729 -0.006610331 -2.912427425 -0.998910248 0.018174246 0.042987116 86.306251526
0.043553997 0.005662580 0.999035001 54.350254059 0.017578067 0.999824762 -0.006433391 -2.924922705 -0.998896420 0.017841302 0.043446835 86.331298828
0.043305561 0.005272355 0.999047995 55.077278137 0.016648557 0.999843478 -0.005998215 -2.938778639 -0.998923123 0.016892461 0.043211002 86.367042542
0.043300360 0.004411308 0.999052346 55.813632965 0.016659012 0.999848008 -0.005136846 -2.957479715 -0.998923182 0.016865658 0.043220285 86.394454956
0.043221332 0.004180053 0.999056756 56.536300659 0.018038696 0.999824941 -0.004963660 -2.971838474 -0.998902678 0.018236216 0.043138362 86.428970337
