1.000000000 -0.000000000 0.000000000 0.000000000 -0.000000000 1.000000000 0.000000000 0.000000000 0.000000000 0.000000000 1.000000000 -0.000000000
0.999994874 -0.002039508 0.002469870 0.002342799 0.002028185 0.999987483 0.004578333 -0.004859773 -0.002479177 -0.004573300 0.999986470 0.763632417
0.999964118 -0.006050400 0.005927327 0.006428697 0.006044083 0.999981165 0.001083184 -0.013647330 -0.005933769 -0.001047320 0.999981821 1.533321857
0.999943554 -0.004982070 0.009381674 0.010439727 0.005041131 0.999967575 -0.006282276 -0.021605466 -0.009350071 0.006329216 0.999936283 2.311655283
0.999919295 0.002412662 0.012474568 0.014268616 -0.002267826 0.999929965 -0.011611597 -0.015991110 -0.012501711 0.011582370 0.999854684 3.091705084
0.999888182 -0.001411430 0.014880617 0.025516719 0.001561514 0.999947906 -0.010079051 -0.022420213 -0.014865617 0.010101164 0.999838412 3.899562597
0.999803483 -0.011316917 0.016272899 0.050613791 0.011402857 0.999921441 -0.005198235 -0.039932787 -0.016212793 0.005382772 0.999854088 4.717675686
0.999682784 -0.017587576 0.018025186 0.076857902 0.017641792 0.999840319 -0.002853070 -0.056835126 -0.017972127 0.003170162 0.999833465 5.522964001
0.999664783 -0.017579688 0.019004598 0.086157620 0.017592408 0.999845147 -0.000502289 -0.061812736 -0.018992824 0.000836457 0.999819279 6.343336582
0.999734700 -0.013351362 0.018765019 0.094677404 0.013243968 0.999895275 0.005835666 -0.066569731 -0.018840967 -0.005585594 0.999806881 7.150057316
0.999719620 -0.013589296 0.019388840 0.106182314 0.013393831 0.999858499 0.010175687 -0.074231617 -0.019524375 -0.009913145 0.999760270 7.970094204
0.999723315 -0.012628591 0.019837055 0.117058069 0.012498905 0.999899805 0.006647945 -0.081312031 -0.019919023 -0.006398164 0.999781132 8.783071518
0.999733388 -0.010711472 0.020451471 0.129575104 0.010753984 0.999940276 -0.001969765 -0.086073719 -0.020429149 0.002189175 0.999788880 9.585299492
0.999729633 -0.009009451 0.021432402 0.136064321 0.009131061 0.999942720 -0.005582950 -0.094235405 -0.021380877 0.005777142 0.999754727 10.401826859
0.999749362 -0.006769408 0.021339666 0.148003668 0.006723556 0.999974906 0.002219715 -0.100187421 -0.021354157 -0.002075681 0.999769866 11.241436958
0.999694228 -0.009697186 0.022746727 0.168966472 0.009442680 0.999891877 0.011269568 -0.108509257 -0.022853550 -0.011051333 0.999677718 12.064157486
0.999607861 -0.012451448 0.025082149 0.182057321 0.012151149 0.999853134 0.012089583 -0.109706596 -0.025228998 -0.011780067 0.999612212 12.902243614
0.999492645 -0.015785528 0.027667738 0.213344499 0.015693607 0.999870598 0.003536412 -0.115505569 -0.027719986 -0.003100411 0.999610901 13.706288338
0.999436915 -0.014573147 0.030227251 0.227479652 0.014684840 0.999886155 -0.003476393 -0.118874989 -0.030173149 0.003918318 0.999536991 14.525730133
0.999376416 -0.014035168 0.032401737 0.253442645 0.014260290 0.999875724 -0.006727216 -0.131111056 -0.032303292 0.007185078 0.999452293 15.347723961
0.999224842 -0.017149610 0.035434995 0.285445482 0.017346133 0.999835670 -0.005245803 -0.145525396 -0.035339210 0.005856396 0.999358177 16.168926239
0.999141395 -0.016020136 0.038207136 0.311381072 0.016147505 0.999864995 -0.003027420 -0.153047204 -0.038153481 0.003641771 0.999265254 16.990695953
0.999076486 -0.013037291 0.040941767 0.341500700 0.012952274 0.999913394 0.002341123 -0.162480891 -0.040968753 -0.001808672 0.999158740 17.808900833
0.998984635 -0.010879314 0.043718647 0.367757738 0.010423955 0.999889195 0.010630177 -0.172843158 -0.043829452 -0.010163663 0.998987377 18.628946304
0.998884857 -0.010792880 0.045962028 0.399402171 0.010055134 0.999817371 0.016252248 -0.169352740 -0.046129040 -0.015771970 0.998811066 19.439687729
0.998746336 -0.011555660 0.048705537 0.435857356 0.010821795 0.999824464 0.015304233 -0.179665625 -0.048873834 -0.014757966 0.998695850 20.258562088
0.998636186 -0.010140031 0.051213823 0.469073236 0.009698981 0.999913812 0.008853144 -0.179585680 -0.051299185 -0.008344349 0.998648465 21.056041718
0.998568237 -0.009071706 0.052717242 0.511946738 0.009094358 0.999958634 -0.000189798 -0.182306886 -0.052713335 0.000668953 0.998609424 21.839315414
0.998455763 -0.007697937 0.055018175 0.549868107 0.007819477 0.999967456 -0.001994129 -0.192286298 -0.055001035 0.002421263 0.998483360 22.645236969
0.998297632 -0.005674127 0.058047969 0.587962627 0.005549483 0.999981999 0.002308231 -0.199127585 -0.058060016 -0.001982165 0.998311102 23.445007324
0.998145521 -0.002866176 0.060804721 0.629470110 0.002265989 0.999948144 0.009937368 -0.210088536 -0.060830042 -0.009781156 0.998100162 24.239362717
0.997902751 0.002506725 0.064680718 0.663076818 -0.003371840 0.999906242 0.013269469 -0.212774277 -0.064641409 -0.013459733 0.997817814 25.039171219
0.997621238 0.006620742 0.068616234 0.709663868 -0.007391528 0.999912322 0.010985482 -0.215646088 -0.068537496 -0.011466527 0.997582674 25.820756912
0.997325718 0.008807885 0.072551884 0.756630898 -0.009182329 0.999946117 0.004829130 -0.220659316 -0.072505452 -0.005482408 0.997353017 26.594612122
0.996951342 0.005776857 0.077812150 0.810685396 -0.005427710 0.999974251 -0.004697801 -0.230606079 -0.077837288 0.004261137 0.996956944 27.374502182
0.996534109 0.004502295 0.083063297 0.881359816 -0.003769120 0.999952614 -0.008981390 -0.237689987 -0.083099805 0.008637186 0.996503830 28.135841370
0.995971739 0.002165982 0.089641050 0.955899239 -0.001833627 0.999991119 -0.003789801 -0.250554562 -0.089648463 0.003610166 0.995966971 28.906627655
0.995251954 -0.001768440 0.097315840 1.028412461 0.001048036 0.999971628 0.007453363 -0.257036805 -0.097326241 -0.007315985 0.995225668 29.686548233
0.994422436 -0.004726834 0.105365321 1.113162279 0.003316728 0.999902606 0.013554214 -0.268072277 -0.105419137 -0.013129145 0.994341195 30.447830200
0.993399084 -0.009179601 0.114342280 1.205174685 0.007937747 0.999904454 0.011311436 -0.275415242 -0.114435196 -0.010329148 0.993377030 31.199808121
0.992346406 -0.010226350 0.123061314 1.293042898 0.009872147 0.999945104 0.003487692 -0.279713303 -0.123090245 -0.002246120 0.992392898 31.928228378
0.991206229 -0.011902219 0.131789878 1.392495871 0.012159461 0.999925315 -0.001147291 -0.287439317 -0.131766409 0.002739696 0.991276979 32.661357880
0.990072906 -0.015028086 0.139749467 1.500755310 0.015353140 0.999881268 -0.001248137 -0.294869602 -0.139714137 0.003381340 0.990186095 33.391738892
0.988957882 -0.021429403 0.146639198 1.622941256 0.021400288 0.999769390 0.001776315 -0.303757936 -0.146643445 0.001381420 0.989188433 34.114692688
0.988046587 -0.025235962 0.152075574 1.738300562 0.024784246 0.999680877 0.004865484 -0.314014018 -0.152149811 -0.001038247 0.988356948 34.829326630
0.987172127 -0.031586766 0.156504020 1.857472897 0.030966442 0.999499917 0.006400866 -0.326258719 -0.156627923 -0.001472382 0.987656534 35.528587341
0.986810207 -0.033119775 0.158457756 1.970808506 0.032866955 0.999450862 0.004216542 -0.330926836 -0.158510387 0.001047096 0.987356782 36.222309113
0.986752927 -0.034757473 0.158463433 2.081082582 0.034791756 0.999391258 0.002558673 -0.338631153 -0.158455893 0.002988443 0.987361670 36.907588959
0.986934423 -0.037308779 0.156744108 2.194363117 0.037643701 0.999290884 0.000832359 -0.344817966 -0.156663999 0.005078944 0.987638950 37.587898254
0.987368941 -0.037411060 0.153958112 2.291198254 0.037685990 0.999289036 0.001133352 -0.356297791 -0.153891057 0.004683028 0.988076746 38.262363434
0.987802863 -0.038887866 0.150775403 2.387834549 0.038924381 0.999238491 0.002710203 -0.358226597 -0.150766000 0.003191693 0.988564312 38.928325653
0.988768935 -0.036142543 0.145016029 2.477717161 0.036151029 0.999343038 0.002577564 -0.363872170 -0.145013928 0.002693864 0.989425898 39.586662292
0.989571929 -0.037903436 0.138963267 2.563821554 0.037888411 0.999278188 0.002754478 -0.377267092 -0.138967365 0.002539344 0.990293741 40.241065979
0.990558267 -0.038232166 0.131653562 2.646083593 0.038136091 0.999267280 0.003251980 -0.381702632 -0.131681412 0.001799476 0.991290450 40.892971039
0.991344631 -0.044656154 0.123456724 2.733299732 0.044420402 0.999002039 0.004662861 -0.381895155 -0.123541743 0.000861495 0.992339015 41.544914246
0.992138386 -0.047950543 0.115594991 2.807740688 0.047185395 0.998842478 0.009348092 -0.381756634 -0.115909413 -0.003820206 0.993252456 42.203300476
0.992864847 -0.050374642 0.108082354 2.873942852 0.049154114 0.998694181 0.013928903 -0.387167811 -0.108642898 -0.008516825 0.994044304 42.868671417
0.993717253 -0.050477866 0.099890299 2.938351154 0.049100805 0.998662412 0.016198166 -0.392490268 -0.100574344 -0.011191702 0.994866610 43.514411926
0.994415402 -0.052804872 0.091376305 3.000790119 0.051773310 0.998565912 0.013624577 -0.393502951 -0.091964707 -0.008817635 0.995723128 44.157085419
0.995123804 -0.052755948 0.083339632 3.047296047 0.052223414 0.998598754 0.008558577 -0.389371753 -0.083674379 -0.004164564 0.996484458 44.794639587
0.995899558 -0.052612212 0.073594540 3.100651503 0.052499831 0.998614907 0.003462096 -0.401311457 -0.073674768 0.000415801 0.997282207 45.434967041
0.996650279 -0.049936332 0.064765647 3.122092247 0.050070450 0.998745501 -0.000448329 -0.405647457 -0.064662024 0.003689674 0.997900307 46.075653076
0.997362733 -0.046215311 0.055961601 3.137461901 0.046501268 0.998910904 -0.003817887 -0.412664771 -0.055724207 0.006410104 0.998425603 46.722595215
0.997996926 -0.043255694 0.046163056 3.156346321 0.043567028 0.999033928 -0.005759113 -0.418532908 -0.045869343 0.007758764 0.998917341 47.370403290
0.998516738 -0.040216818 0.036700293 3.166780710 0.040462319 0.999163210 -0.005970797 -0.429523826 -0.036429465 0.007446920 0.999308407 48.025154114
0.998979807 -0.035401944 0.028032247 3.160921574 0.035557918 0.999354720 -0.005085094 -0.445808619 -0.027834134 0.006076675 0.999594092 48.683776855
0.999290466 -0.032383300 0.019232154 3.171724319 0.032503709 0.999453783 -0.005981623 -0.451452404 -0.019027948 0.006602495 0.999797106 49.354896545
0.999499440 -0.029122449 0.012361366 3.168033600 0.029197119 0.999556184 -0.005903887 -0.454551518 -0.012183947 0.006261847 0.999906182 50.031879425
0.999655128 -0.025801241 0.004886319 3.163128614 0.025828084 0.999651194 -0.005513407 -0.461534917 -0.004742363 0.005637709 0.999972880 50.702678680
0.999705493 -0.024259219 -0.000656860 3.150835037 0.024254596 0.999685943 -0.006312806 -0.465646625 0.000809796 0.006295014 0.999979854 51.369724274
0.999700129 -0.023558192 -0.006688875 3.138452053 0.023517994 0.999705195 -0.006026025 -0.476291567 0.006828864 0.005866908 0.999959528 52.043510437
0.999599516 -0.025818365 -0.011589761 3.127169847 0.025770048 0.999658644 -0.004299228 -0.496276319 0.011696804 0.003998837 0.999923587 52.727806091
0.999610960 -0.023434795 -0.015124832 3.115528107 0.023409411 0.999724269 -0.001853658 -0.499752194 0.015164103 0.001498874 0.999883831 53.417331696
0.999555528 -0.022882422 -0.019106980 3.101273537 0.022884661 0.999738097 -0.000101403 -0.509892166 0.019104296 -0.000335899 0.999817491 54.102447510
0.999446392 -0.024627114 -0.022367960 3.080762863 0.024638666 0.999696374 0.000241067 -0.514844954 0.022355231 -0.000792051 0.999749780 54.785717010
0.999312758 -0.027448855 -0.024909373 3.057636976 0.027434092 0.999623179 -0.000934420 -0.527694225 0.024925636 0.000250412 0.999689281 55.471546173
0.999190927 -0.029551771 -0.027278274 3.032310963 0.029512715 0.999562800 -0.001833281 -0.531636119 0.027320521 0.001026741 0.999626219 56.156131744
0.999121308 -0.029067947 -0.030195640 3.005862236 0.029005589 0.999576151 -0.002501082 -0.542439938 0.030255541 0.001623042 0.999540806 56.846973419
0.999041140 -0.028816028 -0.032961238 2.990089893 0.028795579 0.999584734 -0.001094943 -0.552420378 0.032979101 0.000144755 0.999456048 57.547611237
0.998966038 -0.029180491 -0.034862749 2.959968567 0.029187320 0.999573946 -0.000313184 -0.562873542 0.034857031 -0.000704691 0.999392092 58.237983704
0.998909354 -0.029281357 -0.036370605 2.930816412 0.029319443 0.999570072 0.000514207 -0.574807823 0.036339905 -0.001580012 0.999338269 58.928241730
0.998917937 -0.028123699 -0.037042405 2.901108027 0.028149866 0.999603689 0.000185005 -0.584809422 0.037022516 -0.001227544 0.999313772 59.621498108
0.998978615 -0.026092075 -0.036892414 2.868413210 0.026091296 0.999659359 -0.000502680 -0.597549796 0.036892965 -0.000460404 0.999319196 60.305030823
0.999039233 -0.024956584 -0.036025442 2.843874454 0.024882810 0.999687195 -0.002494917 -0.608266711 0.036076449 0.001596105 0.999347687 60.979087830
0.999145448 -0.024359779 -0.033390049 2.814227343 0.024196539 0.999693215 -0.005284325 -0.619536877 0.033508521 0.004471886 0.999428391 61.656520844
0.999307394 -0.021627078 -0.030284505 2.787748337 0.021402011 0.999741077 -0.007736476 -0.631560564 0.030443981 0.007082968 0.999511421 62.333953857
0.999448776 -0.020408027 -0.026182843 2.767267704 0.020186700 0.999758482 -0.008689697 -0.648375988 0.026353857 0.008156362 0.999619424 63.007606506
0.999573767 -0.019336723 -0.021870656 2.751763344 0.019154167 0.999780297 -0.008525951 -0.659208179 0.022030711 0.008103403 0.999724507 63.678897858
0.999663889 -0.019276815 -0.017336011 2.740118980 0.019157108 0.999791682 -0.007044998 -0.675399721 0.017468205 0.006710523 0.999824882 64.339576721
0.999744773 -0.018983344 -0.012249088 2.733207226 0.018928895 0.999810517 -0.004546277 -0.687849045 0.012333069 0.004313256 0.999914587 64.992805481
0.999814332 -0.018083856 -0.006648682 2.722959995 0.018063042 0.999831736 -0.003177276 -0.696923316 0.006705020 0.003056591 0.999972880 65.664916992
0.999849916 -0.017312031 -0.000589955 2.723866463 0.017309915 0.999844313 -0.003417941 -0.706199646 0.000649035 0.003407216 0.999993980 66.309906006
0.999829054 -0.017261805 0.006612201 2.730955124 0.017282782 0.999845743 -0.003128959 -0.722392857 -0.006557169 0.003242700 0.999973238 66.941986084
0.999742210 -0.017892392 0.013979773 2.739979506 0.017937131 0.999834418 -0.003081456 -0.733786404 -0.013922324 0.003331418 0.999897480 67.567016602
0.999604404 -0.019297702 0.020461459 2.758304119 0.019368567 0.999807000 -0.003270686 -0.745423138 -0.020394394 0.003665701 0.999785304 68.171516418
0.999419630 -0.021081032 0.026758855 2.780125618 0.021181492 0.999769568 -0.003476242 -0.756368458 -0.026679408 0.004041017 0.999635875 68.767570496
0.999206781 -0.022130039 0.033107623 2.805066347 0.022272071 0.999744236 -0.003927458 -0.764381707 -0.033012252 0.004661719 0.999444067 69.346763611
0.998965979 -0.022897614 0.039274953 2.830372334 0.023116298 0.999719679 -0.005122958 -0.773568034 -0.039146639 0.006025553 0.999215245 69.919303894
0.998738945 -0.022596572 0.044832483 2.860579014 0.022904672 0.999717355 -0.006370346 -0.784941137 -0.044675857 0.007389184 0.998974204 70.485801697
0.998507500 -0.024186464 0.048967652 2.893491268 0.024518855 0.999680161 -0.006198624 -0.790788531 -0.048802067 0.007390003 0.998781085 71.057830811
0.998333991 -0.024914343 0.052041799 2.925728321 0.025194375 0.999671340 -0.004731825 -0.806698442 -0.051906813 0.006035104 0.998633683 71.614814758
0.998190820 -0.026887823 0.053778380 2.956687450 0.027097877 0.999627709 -0.003180539 -0.816505134 -0.053672846 0.004632065 0.998547792 72.175674438
0.998102725 -0.028301373 0.054680314 2.983876705 0.028510991 0.999588728 -0.003057083 -0.826282144 -0.054571319 0.004610273 0.998499215 72.732353210
0.998060048 -0.030443473 0.054308075 3.015687227 0.030740021 0.999516606 -0.004633344 -0.834750533 -0.054140776 0.006293787 0.998513401 73.284202576
0.998126864 -0.030013494 0.053308491 3.036639214 0.030375089 0.999520600 -0.005985784 -0.845948696 -0.053103283 0.007593825 0.998560071 73.832046509
0.998266935 -0.027047129 0.052263204 3.059811115 0.027340947 0.999614000 -0.004915059 -0.852691054 -0.052110091 0.006335466 0.998621285 74.386970520
0.998392701 -0.025689833 0.050516140 3.084390879 0.025939753 0.999654233 -0.004297975 -0.861907363 -0.050388262 0.005601442 0.998713970 74.936187744
0.998428285 -0.028652947 0.048166126 3.109501362 0.028875563 0.999575317 -0.003932337 -0.874556065 -0.048032999 0.005316980 0.998831570 75.472717285
0.998422205 -0.033157773 0.045317098 3.141488314 0.033346940 0.999438047 -0.003424342 -0.883093834 -0.045178089 0.004930126 0.998966753 76.017082214
0.998475850 -0.035030000 0.042648938 3.164744139 0.035168361 0.999378324 -0.002498049 -0.893092275 -0.042534914 0.003994135 0.999086976 76.553718567
0.998663187 -0.034469590 0.038520075 3.179063797 0.034633290 0.999393702 -0.003590357 -0.902897477 -0.038372967 0.004919634 0.999251366 77.095138550
0.998873591 -0.034658760 0.032408189 3.190290689 0.034794778 0.999387860 -0.003642407 -0.905453563 -0.032262109 0.004765939 0.999468088 77.619659424
0.999027133 -0.036575306 0.024636099 3.200273752 0.036626253 0.999327719 -0.001619859 -0.914882660 -0.024560289 0.002520611 0.999695182 78.139099121
0.999089181 -0.039689802 0.015670111 3.199839592 0.039697729 0.999211729 -0.000195023 -0.928375900 -0.015650019 0.000816913 0.999877155 78.648086548
0.999099255 -0.042243805 0.004030311 3.197008610 0.042248659 0.999106526 -0.001128591 -0.937751889 -0.003979037 0.001297850 0.999991238 79.156959534
0.999075413 -0.042313114 -0.007611405 3.176694155 0.042301923 0.999103546 -0.001624587 -0.946469069 0.007673323 0.001301108 0.999969661 79.660041809
0.999006450 -0.040447339 -0.018715497 3.155339241 0.040429734 0.999181449 -0.001318203 -0.951220453 0.018753503 0.000560231 0.999823987 80.161018372
0.998860776 -0.037831519 -0.029086558 3.141341209 0.037792016 0.999283791 -0.001907170 -0.958362520 0.029137880 0.000805758 0.999575078 80.650085449
0.998734176 -0.035022501 -0.036105327 3.102999210 0.034966230 0.999386072 -0.002189170 -0.970317364 0.036159828 0.000923931 0.999345601 81.150894165
0.998609066 -0.034048758 -0.040257078 3.074773073 0.033959284 0.999418914 -0.002904727 -0.973003566 0.040332589 0.001533585 0.999185085 81.639884949
0.998499274 -0.034226041 -0.042753290 3.047518969 0.034122642 0.999412715 -0.003146155 -0.985231042 0.042835858 0.001682578 0.999080718 82.135536194
0.998339653 -0.035008188 -0.045743562 3.034035921 0.034865603 0.999384344 -0.003911630 -0.991703749 0.045852348 0.002310258 0.998945534 82.622703552
0.998245180 -0.035662927 -0.047274746 3.007152557 0.035475191 0.999359012 -0.004804575 -0.999188781 0.047415785 0.003119063 0.998870373 83.116012573
0.998220325 -0.035564724 -0.047870010 2.979589939 0.035302434 0.999356747 -0.006313729 -1.006406307 0.048063759 0.004612564 0.998833656 83.612159729
0.998299658 -0.034283839 -0.047142800 2.948746681 0.033974282 0.999395609 -0.007352043 -1.014475346 0.047366362 0.005737898 0.998861074 84.115409851
0.998391867 -0.033789672 -0.045519501 2.918197393 0.033476271 0.999410450 -0.007630147 -1.018697977 0.045750480 0.006094053 0.998934388 84.628746033
0.998450935 -0.034186512 -0.043899029 2.898345470 0.033909146 0.999400079 -0.007047514 -1.032269716 0.044113625 0.005548018 0.999011159 85.135368347
0.998561919 -0.034221169 -0.041268907 2.876470566 0.033961404 0.999398768 -0.006979560 -1.040021658 0.041482940 0.005567972 0.999123752 85.665504456
0.998688817 -0.034247059 -0.038051195 2.849645615 0.034029502 0.999400675 -0.006350591 -1.049979687 0.038245879 0.005047400 0.999255657 86.202606201
0.998822808 -0.033867028 -0.034729358 2.832251549 0.033657983 0.999411702 -0.006586838 -1.050906658 0.034932002 0.005410164 0.999375105 86.755401611
0.998954475 -0.033690065 -0.030905427 2.813331604 0.033545293 0.999423742 -0.005191189 -1.064088821 0.031062515 0.004149028 0.999508858 87.310256958
0.999114871 -0.033140719 -0.025908828 2.798069954 0.033025794 0.999442697 -0.004851447 -1.070000887 0.026055170 0.003991494 0.999652565 87.865913391
0.999254525 -0.033045605 -0.019962531 2.788253307 0.032961484 0.999446392 -0.004528775 -1.081333876 0.020101134 0.003867405 0.999790549 88.445510864
0.999379516 -0.032635614 -0.013245984 2.775489330 0.032594960 0.999463320 -0.003273512 -1.086014390 0.013345707 0.002839729 0.999906957 89.025970459
0.999475896 -0.031745188 -0.006347667 2.779177666 0.031733517 0.999494553 -0.001931397 -1.093142629 0.006405773 0.001728952 0.999978006 89.616714478
0.999554873 -0.029813025 0.001140565 2.775250435 0.029814256 0.999554992 -0.001081125 -1.101391912 -0.001107826 0.001114648 0.999998748 90.206459045
0.999527276 -0.029425459 0.008904540 2.779398441 0.029426089 0.999566972 0.000060166 -1.107112169 -0.008902455 0.000201889 0.999960363 90.797721863
0.999411523 -0.029534150 0.017447233 2.793527842 0.029512757 0.999563336 0.001482231 -1.118193388 -0.017483385 -0.000966443 0.999846578 91.384727478
0.999174833 -0.029960744 0.027421819 2.812110901 0.029907221 0.999549925 0.002359906 -1.122551203 -0.027480178 -0.001537849 0.999621093 91.966262817
0.998868227 -0.029271970 0.037492208 2.834391356 0.029139794 0.999567211 0.004067305 -1.131427169 -0.037595041 -0.002970187 0.999288619 92.548393250
0.998410821 -0.028659049 0.048522417 2.866605043 0.028391698 0.999577761 0.006190301 -1.134442806 -0.048679333 -0.004802831 0.998802841 93.122940063
0.997780561 -0.027645366 0.060577706 2.903968334 0.027153110 0.999591410 0.008934432 -1.139967442 -0.060799941 -0.007269730 0.998123467 93.684463501
0.996836007 -0.027482985 0.074583516 2.947180271 0.026853757 0.999594867 0.009426554 -1.139073849 -0.074812368 -0.007393882 0.997170150 94.223861694
0.995538235 -0.027348392 0.090309814 3.012313366 0.026616598 0.999602437 0.009297837 -1.146279097 -0.090528183 -0.006852613 0.995870233 94.768249512
0.993593931 -0.026663555 0.109819077 3.078036308 0.025761412 0.999621809 0.009625720 -1.147927523 -0.110034220 -0.006734963 0.993904948 95.304885864
0.990896642 -0.027926728 0.131696597 3.160127640 0.026800025 0.999587536 0.010320370 -1.150305271 -0.131930470 -0.006696950 0.991236329 95.840827942
0.987786174 -0.030947354 0.152711809 3.258220673 0.029632244 0.999501705 0.010880705 -1.149891734 -0.152972460 -0.006222616 0.988210857 96.376800537
0.984281421 -0.035285469 0.173046872 3.373256683 0.033619042 0.999355853 0.012552349 -1.150043011 -0.173378319 -0.006537375 0.984833598 96.907371521
0.980252862 -0.038014904 0.194059923 3.491773605 0.035905279 0.999251783 0.014378044 -1.142461896 -0.194461301 -0.007126343 0.980884314 97.441024780
0.975776911 -0.041952949 0.214707792 3.616277695 0.039434839 0.999094069 0.016000055 -1.147089720 -0.215184540 -0.007145518 0.976547301 97.942947388
0.971407235 -0.046324410 0.232856408 3.756465912 0.043522131 0.998905063 0.017160673 -1.146927714 -0.233396396 -0.006535595 0.972359717 98.444564819
0.967514396 -0.051737931 0.247465283 3.901897430 0.048860006 0.998647690 0.017760897 -1.139284611 -0.248049542 -0.005092771 0.968733966 98.952011108
0.964902699 -0.059479844 0.255782902 4.053087234 0.056606073 0.998223543 0.018589307 -1.134823203 -0.256434172 -0.003458010 0.966555476 99.452674866
0.964018464 -0.068349764 0.256898642 4.196926117 0.065517813 0.997659326 0.019577404 -1.138264179 -0.257635444 -0.002041544 0.966239989 99.952911377
0.965050876 -0.073896110 0.251428336 4.334266663 0.071129106 0.997264743 0.020088343 -1.134622812 -0.252225071 -0.001502400 0.967667460 100.459892273
0.967603803 -0.077424407 0.240309060 4.452274323 0.075022280 0.996998072 0.019142630 -1.130689502 -0.241069794 -0.000493950 0.970507622 100.923522949
0.971466780 -0.078788169 0.223706841 4.566076279 0.076566018 0.996891022 0.018604135 -1.137175560 -0.224477112 -0.000944956 0.974478841 101.412117004
0.975942850 -0.078673474 0.203337371 4.646480560 0.076765306 0.996899664 0.017266914 -1.130325437 -0.204065412 -0.001242268 0.978956401 101.902847290
0.980685353 -0.078825608 0.179005101 4.718742371 0.077270836 0.996887267 0.015652383 -1.132052302 -0.179681689 -0.001518188 0.983723581 102.376136780
0.985019267 -0.079282351 0.153138697 4.776214600 0.078057244 0.996850550 0.014005347 -1.133502841 -0.153766766 -0.001841954 0.988105416 102.845573425
0.988788724 -0.079732515 0.126252651 4.809566498 0.078669392 0.996810794 0.013392527 -1.137265325 -0.126917794 -0.003310165 0.991907656 103.303039551
0.992171049 -0.080415912 0.095550478 4.834322453 0.079560913 0.996748686 0.012730649 -1.141872764 -0.096263528 -0.005028901 0.995343149 103.764373779
0.995026886 -0.078629956 0.061145812 4.835108757 0.078185603 0.996892333 0.009629510 -1.142469645 -0.061712936 -0.004800901 0.998082340 104.225715637
0.996746182 -0.076836400 0.024357481 4.816705704 0.076695547 0.997032285 0.006666662 -1.151594162 -0.024797441 -0.004776859 0.999681056 104.642608643
0.997258246 -0.072932996 -0.012526242 4.774342537 0.072987266 0.997325122 0.003929676 -1.158360600 0.012206126 -0.004833157 0.999913752 105.086120605
0.996585310 -0.067485459 -0.047575973 4.717915058 0.067656994 0.997706652 0.002002554 -1.163991690 0.047331709 -0.005214563 0.998865604 105.530731201
0.995028019 -0.061154183 -0.078609943 4.648105621 0.061331999 0.998117447 -0.000152673 -1.169547319 0.078471288 -0.004669390 0.996905506 105.971542358
0.992997289 -0.054996602 -0.104556389 4.577862740 0.055138182 0.998477519 -0.001538126 -1.174582362 0.104481801 -0.004237694 0.994517744 106.400215149
0.990710914 -0.049316287 -0.126728013 4.490879059 0.049471118 0.998773694 -0.001927272 -1.184240222 0.126667649 -0.004360007 0.991935611 106.827438354
0.988328576 -0.043972403 -0.145852864 4.398344994 0.044134177 0.999023378 -0.002128067 -1.193265796 0.145804003 -0.004333866 0.989304066 107.251457214
0.986066520 -0.040083274 -0.161450714 4.312696457 0.040073738 0.999191284 -0.003316702 -1.196182489 0.161453068 -0.003199446 0.986875176 107.679000854
0.984353662 -0.036744706 -0.172329947 4.234928131 0.036229651 0.999324799 -0.006134126 -1.203895807 0.172438949 -0.000205306 0.985020220 108.106719971
0.983552158 -0.032303359 -0.177712649 4.141408920 0.031158501 0.999471843 -0.009229998 -1.210700989 0.177916959 0.003540923 0.984039187 108.551116943
0.983526468 -0.027365662 -0.178680927 4.039857864 0.025831439 0.999606848 -0.010907719 -1.215132833 0.178909197 0.006112444 0.983846664 109.023170471
0.984197080 -0.021323584 -0.175787926 3.943357468 0.019807117 0.999750018 -0.010376994 -1.227683783 0.175965250 0.006731155 0.984373450 109.509986877
0.985392869 -0.018364130 -0.169303566 3.856256485 0.016888577 0.999805868 -0.010151464 -1.232990503 0.169457108 0.007143886 0.985511661 110.014648438
0.987197816 -0.015711647 -0.158725083 3.772363663 0.014249842 0.999844909 -0.010343656 -1.240502477 0.158863038 0.007949426 0.987268627 110.542533875
0.989290953 -0.012997814 -0.145377383 3.689820290 0.011483875 0.999870777 -0.011248263 -1.246538997 0.145504847 0.009458308 0.989312232 111.086685181
0.991448998 -0.008875964 -0.130193025 3.611621857 0.007355173 0.999899030 -0.012157250 -1.247929335 0.130287781 0.011095700 0.991414189 111.649368286
0.993399084 -0.006638848 -0.114517264 3.551980972 0.005546057 0.999936044 -0.009858552 -1.262730360 0.114575393 0.009158358 0.993372262 112.229637146
0.995148063 -0.008389227 -0.098030940 3.494017601 0.007447572 0.999922633 -0.009967688 -1.267219305 0.098106995 0.009189230 0.995133340 112.840988159
0.996566951 -0.010305048 -0.082146779 3.459030151 0.009464922 0.999898970 -0.010609993 -1.275364876 0.082247809 0.009796057 0.996563733 113.455558777
0.997731984 -0.012336692 -0.066172257 3.421342850 0.011613607 0.999868691 -0.011300853 -1.289222717 0.066303007 0.010506725 0.997744203 114.108581543
0.998616755 -0.011145150 -0.051385202 3.388572693 0.010466281 0.999854624 -0.013461584 -1.294893026 0.051527772 0.012905152 0.998588085 114.773262024
0.999247611 -0.010970249 -0.037203029 3.361011505 0.010399911 0.999825954 -0.015489473 -1.305288076 0.037366491 0.015090909 0.999187589 115.465736389
0.999639571 -0.012612988 -0.023699755 3.353508711 0.012234196 0.999796152 -0.016060572 -1.319111586 0.023897501 0.015764838 0.999590039 116.168266296
0.999838710 -0.014651794 -0.010390924 3.354037762 0.014477089 0.999755859 -0.016693445 -1.326348782 0.010632976 0.016540324 0.999806643 116.899108887
0.999862731 -0.016458046 0.001926387 3.359663248 0.016486574 0.999738157 -0.015874688 -1.344719172 -0.001664620 0.015904268 0.999872148 117.662780762
0.999772668 -0.017448459 0.012253830 3.365668297 0.017623121 0.999742568 -0.014293378 -1.366806149 -0.012001279 0.014506082 0.999822736 118.422988892
0.999642372 -0.017887566 0.019881222 3.382751942 0.018139714 0.999756455 -0.012575590 -1.379327297 -0.019651435 0.012931734 0.999723256 119.202148438
0.999471784 -0.020677935 0.025066687 3.399929523 0.020984614 0.999707401 -0.012033997 -1.388798833 -0.024810515 0.012553659 0.999613345 120.007400513
0.999340713 -0.022750759 0.028290603 3.428336859 0.023071051 0.999672830 -0.011047025 -1.406091452 -0.028030016 0.011692437 0.999538660 120.800201416
0.999286294 -0.022648670 0.030230170 3.449490547 0.022974722 0.999681056 -0.010482264 -1.420154929 -0.029983122 0.011169313 0.999487936 121.603195190
0.999240875 -0.022968017 0.031467739 3.471729279 0.023269327 0.999686599 -0.009242765 -1.438935161 -0.031245586 0.009967984 0.999461949 122.406089783
0.999242127 -0.021964965 0.032135885 3.496536255 0.022212472 0.999726176 -0.007365255 -1.460857391 -0.031965312 0.008073491 0.999456286 123.200462341
0.999230325 -0.020896254 0.033197612 3.522893906 0.021093832 0.999761760 -0.005612473 -1.466406107 -0.033072427 0.006308419 0.999433041 124.026763916
0.999200881 -0.020731928 0.034172773 3.547341108 0.020803727 0.999782026 -0.001746864 -1.480756998 -0.034129109 0.002456390 0.999414444 124.827354431
0.999178290 -0.021697870 0.034232672 3.571954966 0.021667242 0.999764442 0.001265430 -1.485941172 -0.034252062 -0.000522663 0.999413133 125.631210327
0.999184787 -0.022508331 0.033511758 3.592862844 0.022407969 0.999743223 0.003367451 -1.497125626 -0.033578947 -0.002613776 0.999432623 126.426498413
0.999173462 -0.023874475 0.032898597 3.613580704 0.023747379 0.999708891 0.004248674 -1.516287565 -0.032990444 -0.003463906 0.999449670 127.223533630
0.999199927 -0.024316987 0.031751655 3.634168863 0.024288403 0.999704123 0.001285718 -1.515207410 -0.031773519 -0.000513492 0.999495029 128.016159058
0.999187171 -0.025256060 0.031419501 3.647480965 0.025280159 0.999680221 -0.000369919 -1.526584148 -0.031400114 0.001163909 0.999506235 128.815139771
0.999221563 -0.025183175 0.030363962 3.670495033 0.025233537 0.999680638 -0.001276499 -1.536450982 -0.030322120 0.002041696 0.999538004 129.602005005
0.999221265 -0.025817696 0.029837940 3.694831371 0.025847407 0.999665737 -0.000610524 -1.551655173 -0.029812198 0.001381282 0.999554515 130.398086548
0.999270201 -0.023525724 0.030091388 3.715971231 0.023532456 0.999723077 0.000130483 -1.563977003 -0.030086119 0.000577737 0.999547184 131.185195923
0.999202013 -0.024212569 0.031765163 3.735425472 0.024230745 0.999706388 -0.000187452 -1.568871617 -0.031751294 0.000956996 0.999495327 131.977783203
0.999171555 -0.021869756 0.034320015 3.761447906 0.021872060 0.999760747 0.000308271 -1.584776759 -0.034318555 0.000442633 0.999410748 132.769287109
0.999091387 -0.018887561 0.038203172 3.784610033 0.018864518 0.999821603 0.000963527 -1.593141437 -0.038214549 -0.000241967 0.999269605 133.554779053
0.998881042 -0.017539132 0.043919887 3.812864304 0.017462095 0.999845326 0.002137074 -1.603236556 -0.043950569 -0.001367749 0.999032736 134.348144531
0.998580635 -0.017049504 0.050457664 3.854079247 0.016889159 0.999850869 0.003602530 -1.615236044 -0.050511561 -0.002745229 0.998719692 135.125885010
0.998109996 -0.016025107 0.059326120 3.894625664 0.015796795 0.999865890 0.004315476 -1.616918445 -0.059387323 -0.003370157 0.998229325 135.912017822
0.997439384 -0.013617503 0.070207231 3.943726540 0.013237761 0.999895155 0.005871315 -1.633631229 -0.070279822 -0.004926895 0.997515202 136.685989380
0.996500671 -0.013086233 0.082553655 4.007394791 0.012610897 0.999900758 0.006276730 -1.637092471 -0.082627580 -0.005213690 0.996566892 137.461212158
0.995210826 -0.013476417 0.096818224 4.085514069 0.012826078 0.999890804 0.007336374 -1.646794438 -0.096906520 -0.006059441 0.995275080 138.228820801
0.993542492 -0.013155632 0.112695575 4.170691490 0.012453364 0.999898374 0.006933275 -1.650750399 -0.112775333 -0.005485065 0.993605375 138.999954224
0.991454601 -0.013611216 0.129739970 4.275695801 0.012812936 0.999893546 0.006985684 -1.656079769 -0.129821226 -0.005263640 0.991523445 139.762054443
0.988939226 -0.014938748 0.147567287 4.390794754 0.014073996 0.999877095 0.006902533 -1.661597729 -0.147652268 -0.004749324 0.989027917 140.509521484
0.986062109 -0.018479025 0.165348262 4.519321442 0.017584143 0.999821842 0.006874408 -1.664990783 -0.165445805 -0.003871086 0.986211300 141.266372681
0.983198225 -0.023038004 0.181081325 4.670743942 0.021869486 0.999725282 0.008447199 -1.673274636 -0.181226179 -0.004345116 0.983431816 142.005371094
0.980665267 -0.028746825 0.193569824 4.833387375 0.027519789 0.999580562 0.009025525 -1.672068834 -0.193748072 -0.003524019 0.981045008 142.743408203
0.978772104 -0.035911284 0.201780543 4.993444443 0.034586985 0.999350727 0.010086168 -1.673972726 -0.202011734 -0.002893080 0.979378819 143.473785400
0.977946162 -0.041563418 0.204679668 5.162223816 0.040271282 0.999133885 0.010476205 -1.679455042 -0.204937831 -0.002002451 0.978772938 144.221832275
0.977949142 -0.047829259 0.203293130 5.310127258 0.046691384 0.998855233 0.010392487 -1.687024474 -0.203557491 -0.000671284 0.979062736 144.941528320
0.978826284 -0.053334687 0.197622448 5.464557648 0.052296452 0.998576641 0.010472672 -1.688939452 -0.197899759 0.000084028 0.980222225 145.669937134
0.980351985 -0.057559289 0.188671574 5.601367950 0.056706712 0.998341680 0.009918248 -1.690802336 -0.188929603 0.000975571 0.981990039 146.397186279
0.982527614 -0.059648219 0.176299646 5.739374161 0.059114169 0.998216748 0.008284505 -1.686624885 -0.176479444 0.002282052 0.984301686 147.131362915
0.984354854 -0.062516734 0.164734542 5.853199005 0.062064700 0.998040915 0.007895036 -1.696428418 -0.164905384 0.002452682 0.986306310 147.856918335
0.986010373 -0.062450305 0.154543117 5.955169678 0.062031776 0.998045802 0.007533711 -1.701587439 -0.154711574 0.002158268 0.987957299 148.573211670
0.987385035 -0.062075458 0.145662606 6.060351372 0.061516579 0.998071194 0.008342454 -1.705476403 -0.145899504 0.000723451 0.989299119 149.303298950
0.988421559 -0.064457051 0.137360513 6.156147003 0.063724078 0.997920156 0.009731438 -1.715130329 -0.137702063 -0.000865591 0.990473270 150.010177612
0.989476860 -0.065287404 0.129124507 6.248711586 0.064641349 0.997866273 0.009192339 -1.716433406 -0.129449114 -0.000748824 0.991585732 150.725112915
0.990384102 -0.066486374 0.121321350 6.329611778 0.065808281 0.997786224 0.009591953 -1.725170135 -0.121690489 -0.001515769 0.992566943 151.424377441
0.991296053 -0.066353567 0.113707818 6.403158188 0.065685660 0.997794032 0.009614712 -1.726525903 -0.114094935 -0.002062054 0.993467748 152.127441406
0.992063344 -0.068599805 0.105376914 6.475513458 0.067876220 0.997639060 0.010441720 -1.734825134 -0.105844431 -0.003206261 0.994377553 152.824234009
0.992850065 -0.068326645 0.097878583 6.539034843 0.067638509 0.997656405 0.010335249 -1.737861753 -0.098355368 -0.003640988 0.995144725 153.510635376
0.993705928 -0.065910928 0.090578221 6.588264465 0.065419383 0.997822642 0.008387771 -1.742090583 -0.090933830 -0.002409404 0.995853961 154.184280396
0.994358659 -0.066067040 0.082981773 6.638847828 0.065735236 0.997814417 0.006726971 -1.744517922 -0.083244830 -0.001234194 0.996528387 154.852493286
0.994801223 -0.068213828 0.075614162 6.688297272 0.068040483 0.997670710 0.004869165 -1.750349760 -0.075770177 0.000300973 0.997125268 155.510375977
0.995252728 -0.068497986 0.069138475 6.733055115 0.068293288 0.997651219 0.005322712 -1.756341934 -0.069340676 -0.000575749 0.997592926 156.156738281
0.995694160 -0.067148216 0.063907936 6.769042969 0.066935450 0.997742295 0.005466934 -1.763421297 -0.064130753 -0.001165689 0.997940719 156.785034180
0.996067882 -0.065402701 0.059760239 6.794539452 0.065215357 0.997858226 0.005081897 -1.770588398 -0.059964620 -0.001164628 0.998199821 157.386123657
0.996205091 -0.066328779 0.056355223 6.829895496 0.066195376 0.997797728 0.004232727 -1.783846617 -0.056511864 -0.000486209 0.998401761 157.975311279
0.996304810 -0.066349484 0.054538533 6.858678341 0.066243753 0.997796416 0.003746030 -1.791056156 -0.054666903 -0.000119350 0.998504579 158.544036865
0.996406794 -0.065611579 0.053559847 6.884261608 0.065598398 0.997843981 0.002005677 -1.798594236 -0.053575967 0.001514970 0.998562634 159.097366333
0.996506393 -0.064094223 0.053544901 6.908866882 0.064122573 0.997941315 0.001190298 -1.807895303 -0.053510960 0.002247297 0.998564661 159.630981445
0.996579349 -0.061845724 0.054813717 6.945631504 0.061897736 0.998082161 0.000749925 -1.814011216 -0.054754972 0.002645485 0.998496413 160.163391113
0.996393681 -0.060910191 0.059073977 6.968963146 0.060987003 0.998138368 0.000503646 -1.819778204 -0.058994684 0.003100914 0.998253465 160.672012329
0.996216059 -0.058291648 0.064463139 7.000665665 0.058381610 0.998294115 0.000488966 -1.831068516 -0.064381681 0.003276345 0.997919917 161.152465820
0.995800257 -0.056753360 0.071840301 7.036775589 0.057080258 0.998366475 -0.002503980 -1.842240810 -0.071580842 0.006594128 0.997412860 161.631820679
0.995227933 -0.053192247 0.081804872 7.068149567 0.053852227 0.998531580 -0.005881005 -1.852665663 -0.081371911 0.010258313 0.996630967 162.091308594
0.994294763 -0.048598014 0.094953030 7.115255356 0.049822625 0.998702109 -0.010567725 -1.861929178 -0.094316244 0.015238243 0.995425701 162.541091919
0.992676795 -0.044664737 0.112240672 7.171303749 0.046442684 0.998832762 -0.013274723 -1.870234966 -0.111516759 0.018390266 0.993592381 162.988342285
0.990370154 -0.040395536 0.132420391 7.230586052 0.042535841 0.999005437 -0.013373086 -1.874898911 -0.131748468 0.018876920 0.991103470 163.435363770
0.986966252 -0.040871195 0.155650705 7.314249039 0.043309290 0.998985887 -0.012303465 -1.880932570 -0.154990047 0.018884227 0.987735510 163.863510132
0.982323349 -0.045041144 0.181692541 7.410749435 0.047381308 0.998840213 -0.008557618 -1.891142845 -0.181096375 0.017015176 0.983318150 164.291854858
0.976527214 -0.050115149 0.209482864 7.530843735 0.052605458 0.998595297 -0.006329412 -1.898423910 -0.208871439 0.017200783 0.977791786 164.715393066
0.969266832 -0.051815044 0.240493208 7.652797699 0.054106057 0.998530984 -0.002928484 -1.910214067 -0.239988148 0.015850620 0.970646322 165.131591797
0.960611165 -0.047193598 0.273859501 7.778675079 0.049340509 0.998781562 -0.000952814 -1.913865447 -0.273480862 0.014427649 0.961769223 165.531188965
0.950499833 -0.035256930 0.308718711 7.906543732 0.037452500 0.999297619 -0.001186881 -1.915912867 -0.308460027 0.012690415 0.951152682 165.924926758
0.938704967 -0.027021378 0.343660802 8.057491302 0.029439898 0.999564886 -0.001820876 -1.921162248 -0.343462050 0.011826607 0.939091980 166.309341431
0.925271749 -0.024425952 0.378517568 8.230358124 0.027797040 0.999607623 -0.003443561 -1.929696083 -0.378284931 0.013707897 0.925587654 166.685806274
0.909311414 -0.033469886 0.414768040 8.445594788 0.038587831 0.999247313 -0.003962850 -1.935905933 -0.414323300 0.019608464 0.909918606 167.044372559
0.889545679 -0.040223062 0.455072075 8.662326813 0.048169386 0.998821914 -0.005874220 -1.940919399 -0.454299629 0.027145926 0.890435219 167.394378662
0.867073655 -0.039719794 0.496593982 8.901496887 0.047738899 0.998853803 -0.003461333 -1.939144373 -0.495887339 0.026708083 0.867976010 167.753753662
0.841897190 -0.033813663 0.538577437 9.150497437 0.038609274 0.999251485 0.002382793 -1.937170506 -0.538254976 0.018788015 0.842572510 168.121200562
0.813714087 -0.030993955 0.580438495 9.412078857 0.029232999 0.999495864 0.012388956 -1.938200116 -0.580529809 0.006886888 0.814209878 168.482254028
0.782738209 -0.029833442 0.621635675 9.710815430 0.023443667 0.999554873 0.018451175 -1.934553146 -0.621909440 0.000130982 0.783089161 168.830108643
