1.000000000 0.000000000 0.000000000 0.000000000 0.000000000 1.000000000 0.000000000 0.000000000 0.000000000 0.000000000 1.000000000 0.000000000
0.999971211 -0.000359980 0.007578393 0.008544808 0.000362696 0.999999881 -0.000357033 -0.000729872 -0.007578263 0.000359771 0.999971211 0.605267525
0.999908447 -0.001301653 0.013468537 0.022767972 0.001310646 0.999998927 -0.000658912 -0.003109936 -0.013467665 0.000676504 0.999909103 1.229190230
0.999839783 -0.002215048 0.017762262 0.031793576 0.002222808 0.999997437 -0.000417190 -0.008504609 -0.017761294 0.000456605 0.999842167 1.871661186
0.999780059 -0.003270756 0.020718353 0.051029563 0.003267227 0.999994755 0.000204192 -0.016179221 -0.020718904 -0.000136455 0.999785364 2.512400389
0.999746144 -0.002815418 0.022353433 0.066362545 0.002796699 0.999995649 0.000868614 -0.018499400 -0.022355786 -0.000805878 0.999749720 3.173347712
0.999711335 -0.002706693 0.023872793 0.077473931 0.002679741 0.999995768 0.001160898 -0.021016138 -0.023875834 -0.001096590 0.999714315 3.850387096
0.999682009 -0.001970513 0.025144236 0.093016535 0.001938599 0.999997318 0.001293538 -0.024141518 -0.025146715 -0.001244382 0.999682963 4.552335262
0.999659121 -0.002432089 0.025995960 0.112865835 0.002396311 0.999996245 0.001407327 -0.025860341 -0.025999282 -0.001344553 0.999660969 5.270611286
0.999639034 -0.004425844 0.026502579 0.133849502 0.004389171 0.999989331 0.001441784 -0.028329659 -0.026508674 -0.001324939 0.999647677 6.001686573
0.999621987 -0.005676671 0.026901167 0.149447918 0.005614098 0.999981403 0.002400993 -0.030602338 -0.026914293 -0.002249060 0.999635220 6.751800060
0.999621570 -0.006576562 0.026709203 0.168852240 0.006499692 0.999974549 0.002963876 -0.030527217 -0.026728012 -0.002789153 0.999638855 7.522424221
0.999655426 -0.006122990 0.025524475 0.185985342 0.006038192 0.999976099 0.003397995 -0.031253237 -0.025544669 -0.003242704 0.999668419 8.308156013
0.999688804 -0.005782953 0.024260063 0.200773120 0.005691852 0.999976516 0.003822539 -0.036207013 -0.024281597 -0.003683265 0.999698281 9.106643677
0.999731421 -0.005377037 0.022537744 0.220643908 0.005291971 0.999978721 0.003832273 -0.038024049 -0.022557870 -0.003711976 0.999738634 9.923501968
0.999750674 -0.004536901 0.021863122 0.226071090 0.004467933 0.999984980 0.003202331 -0.038445581 -0.021877324 -0.003103850 0.999755800 10.757232666
0.999778628 -0.001295450 0.021008074 0.236063793 0.001284771 0.999998987 0.000521833 -0.040909164 -0.021008732 -0.000494727 0.999779224 11.607139587
0.999803007 0.002701322 0.019663701 0.243991539 -0.002680622 0.999995828 -0.001078988 -0.041981537 -0.019666532 0.001026064 0.999806106 12.464735985
0.999812543 0.004716132 0.018784288 0.245521158 -0.004702081 0.999988675 -0.000792139 -0.051443867 -0.018787809 0.000703665 0.999823272 13.321543694
0.999817371 0.006627065 0.017924171 0.258835256 -0.006647313 0.999977231 0.001070237 -0.059004601 -0.017916674 -0.001189189 0.999838829 14.196963310
0.999814570 0.009326430 0.016851977 0.267017663 -0.009352279 0.999955118 0.001455697 -0.062926538 -0.016837647 -0.001613032 0.999857008 15.063954353
0.999814928 0.011208280 0.015638450 0.269893229 -0.011237724 0.999935150 0.001796219 -0.079012379 -0.015617306 -0.001971627 0.999876082 15.931233406
0.999810636 0.013556308 0.013966322 0.271207333 -0.013577515 0.999906719 0.001424831 -0.086090796 -0.013945710 -0.001614189 0.999901474 16.789819717
0.999829173 0.013115040 0.013025085 0.278696239 -0.013126670 0.999913454 0.000807844 -0.093898073 -0.013013363 -0.000978682 0.999914885 17.663572311
0.999838352 0.014005799 0.011270596 0.286973923 -0.014011989 0.999901712 0.000470597 -0.100199185 -0.011262896 -0.000628444 0.999936461 18.523998260
0.999870956 0.012091805 0.010577844 0.288147718 -0.012107708 0.999925733 0.001440750 -0.106767923 -0.010559637 -0.001568637 0.999943018 19.389194489
0.999925375 0.008049716 0.009188791 0.299044430 -0.008087765 0.999958813 0.004111106 -0.119735919 -0.009155320 -0.004185115 0.999949276 20.240476608
0.999946833 0.007425073 0.007152989 0.306342870 -0.007466181 0.999955654 0.005737210 -0.130665779 -0.007110072 -0.005790311 0.999957979 21.095090866
0.999969542 0.005378754 0.005653963 0.308030784 -0.005414968 0.999964833 0.006409059 -0.134156734 -0.005619290 -0.006439481 0.999963462 21.938020706
0.999984860 0.002528908 0.004916161 0.315668762 -0.002569449 0.999962568 0.008257644 -0.139304161 -0.004895094 -0.008270150 0.999953806 22.777822495
0.999992907 0.000936182 0.003640497 0.320579082 -0.000974597 0.999943674 0.010564773 -0.145388916 -0.003630401 -0.010568246 0.999937594 23.620838165
0.999995291 0.000967340 0.002934836 0.319619179 -0.001003397 0.999923706 0.012309331 -0.148352563 -0.002922706 -0.012312216 0.999919891 24.462436676
0.999997854 -0.001225070 0.001701075 0.319513381 0.001203824 0.999921918 0.012434920 -0.147050560 -0.001716175 -0.012432847 0.999921262 25.304334641
0.999985576 -0.005361989 0.000633640 0.319194973 0.005353004 0.999895573 0.013419322 -0.153436899 -0.000705529 -0.013415733 0.999909759 26.126710892
0.999940872 -0.010847162 -0.000801579 0.322479218 0.010858230 0.999822199 0.015409972 -0.149763614 0.000634283 -0.015417766 0.999880910 26.963005066
0.999895215 -0.014225302 -0.002700642 0.323153675 0.014267327 0.999766350 0.016237788 -0.147756934 0.002469023 -0.016274614 0.999864519 27.789989471
0.999830067 -0.017860604 -0.004573945 0.318606138 0.017930403 0.999715924 0.015702661 -0.151264071 0.004292186 -0.015782004 0.999866247 28.616304398
0.999711931 -0.023046704 -0.006692408 0.324844807 0.023136070 0.999639869 0.013598316 -0.152501136 0.006376602 -0.013749236 0.999885142 29.430814743
0.999651313 -0.024809886 -0.009038796 0.317915797 0.024915557 0.999620199 0.011772130 -0.151284486 0.008743299 -0.011993231 0.999889791 30.251501083
0.999642730 -0.024296220 -0.011138761 0.304688305 0.024419887 0.999640107 0.011103866 -0.148045063 0.010864971 -0.011371906 0.999876320 31.074710846
0.999644160 -0.023053352 -0.013420563 0.289867312 0.023207318 0.999665439 0.011431839 -0.153676689 0.013152530 -0.011739229 0.999844551 31.889253616
0.999646425 -0.021971246 -0.014983703 0.274525851 0.022147940 0.999685884 0.011730422 -0.156732291 0.014721267 -0.012058131 0.999818921 32.694458008
0.999630392 -0.021003466 -0.017262494 0.259199142 0.021206820 0.999706864 0.011682647 -0.158322096 0.017012056 -0.012044410 0.999782741 33.496368408
0.999629736 -0.020026516 -0.018422842 0.230010390 0.020230632 0.999735296 0.010960622 -0.165757656 0.018198462 -0.011329268 0.999770224 34.293178558
0.999595642 -0.019660050 -0.020541152 0.216989219 0.019843500 0.999764681 0.008765369 -0.169043124 0.020363994 -0.009169433 0.999750555 35.104804993
0.999580503 -0.018727027 -0.022093473 0.195531130 0.018855613 0.999806464 0.005626303 -0.172724292 0.021983834 -0.006040529 0.999740064 35.894412994
0.999566793 -0.018345708 -0.023012517 0.173079610 0.018406386 0.999827683 0.002427740 -0.179339409 0.022964012 -0.002850267 0.999732137 36.681106567
0.999560595 -0.018222351 -0.023380395 0.151446223 0.018243929 0.999833286 0.000709745 -0.187561855 0.023363566 -0.001135983 0.999726355 37.472106934
0.999549747 -0.019081580 -0.023159040 0.132550061 0.019065741 0.999817729 -0.000904418 -0.195082217 0.023172079 0.000462467 0.999731421 38.262947083
0.999562144 -0.019497117 -0.022263343 0.113382220 0.019476859 0.999809682 -0.001126609 -0.208278865 0.022281071 0.000692496 0.999751508 39.037986755
0.999577582 -0.020057386 -0.021032359 0.095753074 0.020027846 0.999798179 -0.001614287 -0.218472272 0.021060489 0.001192372 0.999777496 39.827266693
0.999577582 -0.021105774 -0.019978633 0.083977163 0.021079857 0.999776661 -0.001506988 -0.227522895 0.020005971 0.001085204 0.999799371 40.610229492
0.999589026 -0.021480011 -0.018981136 0.067429483 0.021464944 0.999769092 -0.000997209 -0.237955227 0.018998176 0.000589370 0.999819338 41.392250061
0.999612212 -0.021513285 -0.017679308 0.050064087 0.021511244 0.999768555 -0.000305777 -0.249218106 0.017681794 -0.000074646 0.999843597 42.170776367
0.999628544 -0.021715259 -0.016467284 0.038632631 0.021710346 0.999764204 -0.000477205 -0.258907527 0.016473765 0.000119518 0.999864280 42.962741852
0.999659717 -0.021275466 -0.015088460 0.021064699 0.021265440 0.999773622 -0.000824603 -0.265858680 0.015102588 0.000503460 0.999885798 43.744647980
0.999684811 -0.020975346 -0.013789383 0.007978618 0.020972217 0.999779999 -0.000371339 -0.274275154 0.013794140 0.000082028 0.999904752 44.536773682
0.999702454 -0.020705497 -0.012895586 -0.001260102 0.020722605 0.999784589 0.001194592 -0.280727923 0.012868073 -0.001461467 0.999916136 45.329689026
0.999717414 -0.020779669 -0.011546981 -0.014649391 0.020817690 0.999778211 0.003181936 -0.292490751 0.011478302 -0.003421418 0.999928236 46.116657257
0.999721587 -0.021344468 -0.010050071 -0.021289587 0.021390898 0.999760926 0.004535250 -0.299716234 0.009950865 -0.004748967 0.999939203 46.914501190
0.999755025 -0.020406831 -0.008561706 -0.029218256 0.020442368 0.999782741 0.004084331 -0.304270238 0.008476498 -0.004258354 0.999954939 47.714687347
0.999797463 -0.018940957 -0.006808948 -0.044832081 0.018957730 0.999817431 0.002407641 -0.309750408 0.006762101 -0.002536237 0.999973893 48.505455017
0.999821424 -0.018166702 -0.005226518 -0.049686208 0.018172491 0.999834239 0.001062441 -0.317421407 0.005206352 -0.001157230 0.999985754 49.311389923
0.999846697 -0.017151792 -0.003534302 -0.057284199 0.017154323 0.999852598 0.000686668 -0.321499825 0.003522005 -0.000747191 0.999993503 50.126304626
0.999875844 -0.015675744 -0.001598977 -0.063918769 0.015678829 0.999875188 0.001932780 -0.327662110 0.001568478 -0.001957610 0.999996841 50.933727264
0.999895930 -0.014425178 0.000035935 -0.065728240 0.014425006 0.999891460 0.002988387 -0.333584189 -0.000079039 -0.002987558 0.999995530 51.753597260
0.999891460 -0.014639799 0.001625033 -0.065029867 0.014633784 0.999886215 0.003654109 -0.340594053 -0.001678344 -0.003629933 0.999992013 52.591053009
0.999920547 -0.012044312 0.003721734 -0.070599303 0.012031004 0.999921203 0.003577889 -0.350578606 -0.003764534 -0.003532827 0.999986708 53.425277710
0.999940395 -0.009531936 0.005328834 -0.070441812 0.009511834 0.999947548 0.003784971 -0.351545691 -0.005364634 -0.003734058 0.999978602 54.261810303
0.999937415 -0.009186232 0.006386879 -0.070753306 0.009152439 0.999944031 0.005300156 -0.357094765 -0.006435210 -0.005241369 0.999965549 55.116367340
0.999896646 -0.012293912 0.007441165 -0.059341252 0.012244831 0.999903202 0.006606092 -0.358435869 -0.007521660 -0.006514294 0.999950528 55.965545654
0.999807835 -0.017734177 0.008346850 -0.047785103 0.017690867 0.999829769 0.005234364 -0.362185061 -0.008438258 -0.005085696 0.999951541 56.823162079
0.999793231 -0.018652830 0.008085631 -0.041520298 0.018658305 0.999825656 -0.000601924 -0.372314364 -0.008072994 0.000752666 0.999967158 57.685504913
0.999802649 -0.018444633 0.007378509 -0.038230538 0.018514518 0.999783218 -0.009518387 -0.382720053 -0.007201348 0.009653118 0.999927461 58.521678925
0.999770582 -0.020521060 0.006143327 -0.031846672 0.020613814 0.999668300 -0.015436841 -0.395587325 -0.005824510 0.015559936 0.999861956 59.379940033
0.999698997 -0.023906073 0.005501538 -0.017662317 0.023978844 0.999620438 -0.013565969 -0.407234251 -0.005175140 0.013693808 0.999892831 60.254028320
0.999808311 -0.018785886 0.005521237 -0.024931669 0.018815173 0.999808848 -0.005301148 -0.430198491 -0.005420595 0.005404015 0.999970734 61.118839264
0.999896586 -0.013431979 0.005126098 -0.034418583 0.013415909 0.999905050 0.003157089 -0.437399030 -0.005168017 -0.003087992 0.999981880 61.982200623
0.999926686 -0.011213283 0.004589012 -0.038152367 0.011172359 0.999898314 0.008849761 -0.448290169 -0.004687781 -0.008797843 0.999950349 62.844032288
0.999933183 -0.010905744 0.003822621 -0.032446384 0.010860224 0.999872148 0.011732502 -0.458698809 -0.003950085 -0.011690207 0.999923885 63.711456299
0.999906778 -0.013282887 0.003141529 -0.034586072 0.013249405 0.999857545 0.010449107 -0.462405443 -0.003279876 -0.010406510 0.999940515 64.566444397
0.999861002 -0.016483823 0.002483679 -0.032550931 0.016467124 0.999842525 0.006600408 -0.462702632 -0.002592087 -0.006558591 0.999975204 65.414489746
0.999818921 -0.019004600 0.000997597 -0.025981732 0.019001305 0.999814272 0.003215802 -0.470844090 -0.001058527 -0.003196263 0.999994338 66.288940430
0.999802530 -0.019874189 -0.000214801 -0.027788652 0.019874578 0.999800503 0.002004236 -0.476770937 0.000174925 -0.002008109 0.999998033 67.142501831
0.999785125 -0.020631906 -0.002027249 -0.031444959 0.020636799 0.999784052 0.002423421 -0.482672811 0.001976811 -0.002464736 0.999994993 67.995010376
0.999776423 -0.020932902 -0.003021519 -0.039250508 0.020944230 0.999773562 0.003768504 -0.498750448 0.002941950 -0.003830945 0.999988317 68.857940674
0.999767363 -0.021108493 -0.004415225 -0.043066710 0.021128088 0.999766946 0.004438585 -0.508341074 0.004320504 -0.004530838 0.999980390 69.706184387
0.999767840 -0.020807376 -0.005594522 -0.049626797 0.020836491 0.999769390 0.005197136 -0.514220476 0.005485092 -0.005312499 0.999970853 70.568328857
0.999767363 -0.020514438 -0.006659681 -0.057263613 0.020549281 0.999775290 0.005206592 -0.520416856 0.006551373 -0.005342232 0.999964297 71.411323547
0.999772906 -0.019938249 -0.007518831 -0.071946591 0.019973470 0.999789774 0.004639055 -0.526728034 0.007424755 -0.004788179 0.999960959 72.259803772
0.999802828 -0.018192321 -0.007957089 -0.082670152 0.018223697 0.999826312 0.003888304 -0.531831384 0.007884970 -0.004032545 0.999960780 73.121582031
0.999815404 -0.017313739 -0.008329686 -0.097204089 0.017343903 0.999843240 0.003563043 -0.533217728 0.008266690 -0.003706854 0.999958932 73.978233337
0.999832988 -0.016114088 -0.008622970 -0.112306476 0.016155642 0.999858022 0.004770786 -0.540960133 0.008544870 -0.004909299 0.999951482 74.845565796
0.999867201 -0.014202866 -0.007987369 -0.124000430 0.014249007 0.999881864 0.005749614 -0.555461645 0.007904765 -0.005862663 0.999951541 75.703224182
0.999901652 -0.011994482 -0.007269235 -0.139287293 0.012028906 0.999916494 0.004710793 -0.558786511 0.007212125 -0.004797773 0.999962449 76.575828552
0.999914825 -0.011195676 -0.006703734 -0.149397671 0.011211302 0.999934494 0.002297735 -0.567791283 0.006677571 -0.002372697 0.999974847 77.436912537
0.999925196 -0.010684298 -0.005946686 -0.155725747 0.010684569 0.999942899 0.000013875 -0.573164582 0.005946198 -0.000077412 0.999982297 78.316345215
0.999926269 -0.010993239 -0.005147880 -0.166107565 0.010987815 0.999939084 -0.001080400 -0.580406666 0.005159443 0.001023756 0.999986172 79.200248718
0.999922097 -0.011480475 -0.004892385 -0.171876341 0.011473830 0.999933183 -0.001384177 -0.590857863 0.004907949 0.001327935 0.999987066 80.093513489
0.999914408 -0.012327031 -0.004373648 -0.181979746 0.012319447 0.999922454 -0.001756956 -0.601413250 0.004394968 0.001702925 0.999988914 80.990859985
0.999912441 -0.012443509 -0.004489132 -0.190000907 0.012430829 0.999918699 -0.002842244 -0.611350596 0.004524135 0.002786191 0.999985874 81.891677856
0.999904692 -0.013015816 -0.004595187 -0.195724890 0.012997841 0.999907792 -0.003920369 -0.621882200 0.004645790 0.003860268 0.999981761 82.805519104
0.999913812 -0.012233844 -0.004756020 -0.205024466 0.012210635 0.999913454 -0.004878824 -0.630912185 0.004815296 0.004820330 0.999976695 83.719551086
0.999916971 -0.011872598 -0.005006638 -0.214776009 0.011848234 0.999917865 -0.004868548 -0.642844200 0.005064031 0.004808823 0.999975562 84.638526917
0.999917328 -0.011708955 -0.005294862 -0.226416394 0.011692075 0.999926448 -0.003207710 -0.656142712 0.005332033 0.003145537 0.999980807 85.569557190
0.999927104 -0.010595235 -0.005772954 -0.235346705 0.010588544 0.999943197 -0.001188230 -0.667630732 0.005785215 0.001127016 0.999982536 86.509475708
0.999932647 -0.010132940 -0.005656516 -0.251740187 0.010137748 0.999948204 0.000821412 -0.681271672 0.005647901 -0.000878701 0.999983668 87.450065613
0.999938130 -0.009367099 -0.005995280 -0.262750089 0.009376026 0.999954939 0.001462553 -0.688316524 0.005981311 -0.001518675 0.999980927 88.398231506
0.999947190 -0.008443782 -0.005864155 -0.273968130 0.008453333 0.999962986 0.001605766 -0.698872030 0.005850380 -0.001655253 0.999981523 89.350784302
0.999949753 -0.008147175 -0.005844683 -0.286385655 0.008155172 0.999965906 0.001345944 -0.701224208 0.005833518 -0.001393541 0.999982059 90.318267822
0.999951661 -0.007983394 -0.005737734 -0.297145456 0.007986674 0.999967933 0.000548733 -0.715705752 0.005733169 -0.000594532 0.999983311 91.287467957
0.999955714 -0.007764918 -0.005315561 -0.311385274 0.007756941 0.999968767 -0.001519663 -0.721097708 0.005327196 0.001478364 0.999984741 92.260406494
0.999947369 -0.008796172 -0.005285119 -0.310925364 0.008783309 0.999958456 -0.002452172 -0.734607160 0.005306470 0.002405622 0.999983013 93.241439819
0.999946415 -0.008937076 -0.005215014 -0.322229773 0.008918588 0.999953926 -0.003557576 -0.744467199 0.005246568 0.003510875 0.999980092 94.228225708
0.999961495 -0.007489095 -0.004580905 -0.330091655 0.007473019 0.999965906 -0.003516214 -0.755732298 0.004607081 0.003481846 0.999983311 95.226799011
0.999978662 -0.005184538 -0.003969755 -0.344731003 0.005175781 0.999984205 -0.002213229 -0.767352581 0.003981166 0.002192636 0.999989688 96.230445862
0.999991417 -0.002161613 -0.003548599 -0.355657339 0.002160311 0.999997616 -0.000370643 -0.776298881 0.003549392 0.000362974 0.999993622 97.237983704
0.999992728 0.002843230 -0.002574143 -0.372365057 -0.002843828 0.999996066 -0.000228758 -0.787157238 0.002573482 0.000236077 0.999996662 98.257713318
0.999974251 0.006783937 -0.002323015 -0.382549942 -0.006783097 0.999976873 0.000369613 -0.796354473 0.002325469 -0.000353846 0.999997199 99.274101257
0.999992788 0.003666162 -0.000965921 -0.389851511 -0.003663357 0.999989092 0.002890095 -0.802976072 0.000976506 -0.002886536 0.999995291 100.300415039
0.999984860 0.005495744 -0.000225129 -0.394816309 -0.005494006 0.999959648 0.007107644 -0.805734932 0.000264182 -0.007106301 0.999974728 101.333091736
0.999992549 0.003834005 -0.000328798 -0.397125989 -0.003830079 0.999929845 0.011207853 -0.804331541 0.000371746 -0.011206510 0.999937177 102.368583679
0.999999881 -0.000491096 0.000155365 -0.392785519 0.000488574 0.999874353 0.015839808 -0.802480578 -0.000163124 -0.015839728 0.999874473 103.400169373
0.999998868 -0.001501235 0.000164066 -0.393601149 0.001497899 0.999823511 0.018728456 -0.798100352 -0.000192153 -0.018728187 0.999824584 104.433998108
0.999994457 -0.003341630 -0.000062844 -0.398433834 0.003342220 0.999835491 0.017828137 -0.792525053 0.000003259 -0.017828243 0.999841034 105.469612122
0.999984086 -0.005587094 -0.000716517 -0.395261258 0.005598156 0.999848247 0.016497647 -0.786931396 0.000624234 -0.016501401 0.999863565 106.513320923
0.999962032 -0.008563407 -0.001602172 -0.394441605 0.008588446 0.999829650 0.016335083 -0.776951075 0.001462015 -0.016348220 0.999865234 107.554527283
0.999931097 -0.011483258 -0.002412599 -0.396074772 0.011523520 0.999782264 0.017396711 -0.772207737 0.002212303 -0.017423309 0.999845743 108.625411987
0.999897301 -0.013950077 -0.003265573 -0.401010156 0.014006297 0.999742091 0.017878031 -0.766046882 0.003015331 -0.017921932 0.999834776 109.680725098
0.999823213 -0.018284349 -0.004366454 -0.400085211 0.018369060 0.999626815 0.020220542 -0.755670309 0.003995103 -0.020297172 0.999786019 110.729362488
0.999761403 -0.021244138 -0.005073271 -0.405779213 0.021351758 0.999525607 0.022195162 -0.746819258 0.004599347 -0.022298185 0.999740839 111.789253235
0.999658227 -0.025463453 -0.005916146 -0.407870710 0.025583956 0.999446332 0.021274386 -0.742666006 0.005371151 -0.021418471 0.999756098 112.841918945
0.999635339 -0.026350051 -0.005898270 -0.420820355 0.026452227 0.999488533 0.017973278 -0.735094070 0.005421656 -0.018122744 0.999821067 113.890739441
0.999607325 -0.027436147 -0.005721535 -0.416751146 0.027522109 0.999500573 0.015529335 -0.731159806 0.005292613 -0.015680704 0.999863029 114.943664551
0.999627829 -0.026877521 -0.004675089 -0.427242339 0.026943093 0.999530733 0.014578446 -0.726061344 0.004281064 -0.014698982 0.999882698 115.998619080
0.999694169 -0.024611237 -0.002417195 -0.440573454 0.024643794 0.999590874 0.014517410 -0.729297161 0.002058915 -0.014572540 0.999891639 117.043083191
0.999713480 -0.023913166 -0.001085580 -0.443750024 0.023926280 0.999610901 0.014334782 -0.727235317 0.000742367 -0.014356649 0.999896646 118.092628479
0.999718189 -0.023734769 0.000272012 -0.444219291 0.023726998 0.999580920 0.016580563 -0.724424958 -0.000665434 -0.016569437 0.999862432 119.135063171
0.999732137 -0.023075335 0.001780644 -0.446857363 0.023037078 0.999551415 0.019138971 -0.718101263 -0.002221483 -0.019092828 0.999815166 120.182136536
0.999723673 -0.023275904 0.003286190 -0.443475395 0.023207435 0.999539971 0.019527981 -0.715773582 -0.003739210 -0.019446319 0.999803901 121.215591431
0.999723375 -0.023053333 0.004648645 -0.443522990 0.022971656 0.999592960 0.016918460 -0.711519480 -0.005036779 -0.016806999 0.999846041 122.242965698
0.999701977 -0.023725066 0.005751232 -0.438626885 0.023640420 0.999617338 0.014363343 -0.708007693 -0.006089802 -0.014223101 0.999880314 123.275421143
0.999692321 -0.023923088 0.006553135 -0.433720052 0.023839511 0.999637067 0.012547907 -0.704985976 -0.006850942 -0.012387826 0.999899805 124.300872803
0.999652863 -0.025451973 0.006812278 -0.423679769 0.025360895 0.999592066 0.013137408 -0.707439184 -0.007143872 -0.012960080 0.999890506 125.339881897
0.999600828 -0.027484505 0.006552487 -0.419712842 0.027389243 0.999523878 0.014209235 -0.704582572 -0.006939902 -0.014024097 0.999877512 126.364151001
0.999560177 -0.028952174 0.006420500 -0.414770782 0.028853120 0.999470770 0.015017884 -0.709040999 -0.006851904 -0.014826026 0.999866605 127.398208618
0.999502718 -0.030924097 0.006157809 -0.412731349 0.030834805 0.999424934 0.014103175 -0.708057642 -0.006590397 -0.013906286 0.999881566 128.414596558
0.999445915 -0.032809611 0.005599484 -0.402333200 0.032735422 0.999381125 0.012863603 -0.708544135 -0.006018069 -0.012673173 0.999901593 129.436264038
0.999460995 -0.032436993 0.005059991 -0.400670707 0.032368753 0.999391019 0.013030688 -0.710286856 -0.005479587 -0.012859879 0.999902308 130.442001343
0.999476016 -0.032029368 0.004663084 -0.398615956 0.031958893 0.999384344 0.014477270 -0.715966344 -0.005123910 -0.014320658 0.999884307 131.461502075
0.999534309 -0.030223122 0.004201648 -0.401084006 0.030149898 0.999408901 0.016517811 -0.711471081 -0.004698384 -0.016383439 0.999854684 132.469406128
0.999598384 -0.027981216 0.004488056 -0.407958210 0.027893096 0.999437392 0.018622449 -0.710786104 -0.005006610 -0.018489780 0.999816537 133.474411011
0.999663174 -0.025601599 0.004247426 -0.407774031 0.025513895 0.999483109 0.019556947 -0.704802990 -0.004745919 -0.019441992 0.999799728 134.478607178
0.999737978 -0.022443410 0.004508313 -0.420011282 0.022353744 0.999568701 0.019041589 -0.699970722 -0.004933727 -0.018935824 0.999808550 135.469253540
0.999766707 -0.021202235 0.004127389 -0.411013484 0.021121738 0.999602854 0.018656647 -0.701891184 -0.004521312 -0.018565115 0.999817431 136.453872681
0.999867320 -0.015898326 0.003554719 -0.419703811 0.015837098 0.999736190 0.016636364 -0.699731112 -0.003818271 -0.016577860 0.999855280 137.424011230
0.999877930 -0.015038898 0.004247000 -0.424721241 0.014979527 0.999794185 0.013680699 -0.699851155 -0.004451868 -0.013615411 0.999897361 138.412216187
0.999900103 -0.013625390 0.003757850 -0.420821309 0.013583370 0.999847293 0.010989620 -0.700215936 -0.003907015 -0.010937475 0.999932587 139.392349243
0.999924481 -0.011754571 0.003589570 -0.424071968 0.011708960 0.999853611 0.012473635 -0.698965788 -0.003735666 -0.012430662 0.999915838 140.356079102
0.999899924 -0.013788986 0.003158068 -0.426594079 0.013732625 0.999757349 0.017222011 -0.694789410 -0.003394776 -0.017176921 0.999846756 141.325561523
0.999877989 -0.015420792 0.002481394 -0.417164862 0.015366220 0.999667883 0.020684849 -0.700937271 -0.002799547 -0.020644195 0.999782979 142.279602051
0.999832034 -0.018205188 0.002099482 -0.412258476 0.018161247 0.999648213 0.019330541 -0.692246675 -0.002450659 -0.019289164 0.999810994 143.232025146
0.999775887 -0.021116246 0.001493597 -0.407300472 0.021086548 0.999621093 0.017690942 -0.690770388 -0.001866597 -0.017655479 0.999842346 144.171737671
0.999769688 -0.021417916 0.001379862 -0.414475262 0.021390596 0.999618888 0.017452816 -0.687145233 -0.001753139 -0.017419277 0.999846697 145.106613159
0.999729693 -0.023231648 0.000835099 -0.409303844 0.023213895 0.999583125 0.017168680 -0.691312790 -0.001233608 -0.017144658 0.999852240 146.012725830
0.999719620 -0.023674199 0.000369376 -0.413263619 0.023665641 0.999600053 0.015486082 -0.685546875 -0.000735849 -0.015472998 0.999879956 146.927108765
0.999728918 -0.023280988 0.000332719 -0.416117221 0.023273028 0.999608815 0.015512415 -0.686804295 -0.000693733 -0.015500467 0.999879599 147.818817139
0.999742627 -0.022683641 0.000013197 -0.417924941 0.022680046 0.999594569 0.017218353 -0.686274529 -0.000403767 -0.017213626 0.999851704 148.712005615
0.999730945 -0.023195595 0.000291351 -0.423337162 0.023185212 0.999533236 0.019897528 -0.685654163 -0.000752750 -0.019885421 0.999801934 149.590927124
0.999700487 -0.024479553 -0.000052267 -0.416998744 0.024475114 0.999473393 0.021306898 -0.682212353 -0.000469344 -0.021301793 0.999772906 150.488845825
0.999690235 -0.024891961 -0.000028985 -0.418492556 0.024886146 0.999430001 0.022815075 -0.677501678 -0.000538944 -0.022808725 0.999739707 151.341369629
0.999678969 -0.025336910 -0.000177614 -0.417402565 0.025334075 0.999401927 0.023534805 -0.672163486 -0.000418791 -0.023531748 0.999723017 152.175292969
0.999675989 -0.025450621 -0.000428710 -0.423727393 0.025453767 0.999414325 0.022875775 -0.672279835 -0.000153744 -0.022879276 0.999738216 152.979873657
0.999607980 -0.027985215 -0.000821152 -0.419154346 0.027996195 0.999395609 0.020601096 -0.667580366 0.000244130 -0.020616002 0.999787450 153.782791138
0.999627352 -0.027220430 -0.002106075 -0.421356767 0.027255747 0.999445856 0.019105531 -0.663085461 0.001584847 -0.019155813 0.999815285 154.551254272
0.999580562 -0.028813837 -0.002893703 -0.427783549 0.028860459 0.999428034 0.017623534 -0.663482666 0.002384247 -0.017699657 0.999840438 155.307312012
0.999656856 -0.025734540 -0.004856329 -0.439765334 0.025811808 0.999529243 0.016583232 -0.664779663 0.004427282 -0.016702892 0.999850690 156.033340454
0.999669611 -0.024784509 -0.006814339 -0.448085129 0.024874233 0.999600708 0.013414629 -0.669329405 0.006479141 -0.013579699 0.999886751 156.722793579
0.999690235 -0.023388531 -0.008522414 -0.460690916 0.023472989 0.999674916 0.009948540 -0.672351837 0.008286961 -0.010145505 0.999914229 157.392639160
0.999621630 -0.025554024 -0.010178562 -0.467703223 0.025625467 0.999647498 0.006951857 -0.680546880 0.009997325 -0.007210059 0.999924004 158.041580200
0.999667048 -0.023029694 -0.011635585 -0.477124929 0.023094065 0.999718487 0.005429050 -0.689389527 0.011507283 -0.005695955 0.999917567 158.665802002
0.999710739 -0.020735482 -0.012185930 -0.493493199 0.020788321 0.999774992 0.004225596 -0.696671844 0.012095568 -0.004477698 0.999916852 159.273147583
0.999711156 -0.020122748 -0.013139876 -0.502859473 0.020197758 0.999780357 0.005601224 -0.701634645 0.013024277 -0.005865003 0.999898016 159.868087769
0.999686718 -0.021482410 -0.012843348 -0.508223891 0.021589287 0.999732971 0.008241647 -0.711372375 0.012662868 -0.008516343 0.999883533 160.441894531
0.999688804 -0.022481315 -0.010808093 -0.511413693 0.022564668 0.999716103 0.007653453 -0.718314767 0.010632963 -0.007894950 0.999912262 161.004180908
0.999727070 -0.022417311 -0.006579896 -0.515163124 0.022462828 0.999723673 0.006927086 -0.730391502 0.006422792 -0.007072997 0.999954343 161.544036865
0.999772191 -0.021280883 -0.001627187 -0.515343547 0.021288788 0.999760807 0.005005571 -0.735892415 0.001520275 -0.005039072 0.999986172 162.068237305
0.999781549 -0.020306822 0.004945819 -0.515217245 0.020298600 0.999792576 0.001707128 -0.738297105 -0.004979461 -0.001606363 0.999986291 162.572326660
0.999726295 -0.019381903 0.013096604 -0.507824421 0.019411303 0.999809325 -0.002121998 -0.744038939 -0.013052979 0.002375639 0.999911964 163.048721313
0.999580622 -0.018475870 0.022299329 -0.490493774 0.018560162 0.999821365 -0.003578953 -0.754450560 -0.022229223 0.003991331 0.999744952 163.518081665
0.999317050 -0.018445155 0.032016736 -0.471095562 0.018543681 0.999824107 -0.002783142 -0.763169169 -0.031959768 0.003374949 0.999483466 163.945220947
0.998913288 -0.018107641 0.042945839 -0.449513912 0.018197635 0.999832988 -0.001705564 -0.770625472 -0.042907786 0.002485224 0.999075949 164.374893188
0.998327255 -0.017807811 0.055005230 -0.421089172 0.017987272 0.999834359 -0.002769305 -0.781481981 -0.054946814 0.003754067 0.998482168 164.776473999
0.997572482 -0.015889449 0.067797489 -0.388665199 0.016213743 0.999859452 -0.004235676 -0.786900938 -0.067720667 0.005324645 0.997690082 165.177398682
0.996573269 -0.014620599 0.081411764 -0.344590187 0.015033903 0.999876916 -0.004466009 -0.796688497 -0.081336461 0.005674642 0.996670485 165.541519165
0.995247602 -0.013566282 0.096426159 -0.301559448 0.013936091 0.999897838 -0.003162688 -0.802498817 -0.096373402 0.004491462 0.995335102 165.913116455
0.993619025 -0.013629360 0.111961387 -0.250164032 0.013920823 0.999901414 -0.001821850 -0.813280582 -0.111925527 0.003368820 0.993710935 166.268661499
0.991666794 -0.013297239 0.128140673 -0.197444916 0.013717353 0.999902964 -0.002396530 -0.821184635 -0.128096372 0.004134311 0.991753101 166.603042603
0.989317596 -0.012893276 0.145204306 -0.139944077 0.013655580 0.999897659 -0.004254349 -0.827979386 -0.145134598 0.006191752 0.989392459 166.926910400
0.986577868 -0.012571229 0.162806571 -0.075517654 0.013703288 0.999889016 -0.005832228 -0.833642602 -0.162715197 0.007984933 0.986640751 167.215454102
0.983201802 -0.011779353 0.182141215 -0.005037308 0.013071910 0.999897122 -0.005897516 -0.841940761 -0.182053000 0.008179381 0.983254611 167.530807495
0.979125142 -0.010117752 0.203006387 0.071304321 0.011291781 0.999925494 -0.004625801 -0.846193075 -0.202944458 0.006821540 0.979166508 167.844680786
0.974279165 -0.010540899 0.225097746 0.163105011 0.011487870 0.999929786 -0.002897555 -0.851177216 -0.225051403 0.005408919 0.974331856 168.152099609
0.968436241 -0.012075588 0.248968720 0.255138397 0.012820337 0.999916792 -0.001370029 -0.856130958 -0.248931497 0.004518647 0.968510509 168.451049805
0.961886466 -0.010066391 0.273263752 0.346836090 0.010865154 0.999939919 -0.001409833 -0.862625360 -0.273233086 0.004325151 0.961938083 168.727783203
0.954339206 -0.007888960 0.298620731 0.451557159 0.008937563 0.999957740 -0.002145997 -0.872730970 -0.298591197 0.004716950 0.954369545 169.012893677
0.945829451 -0.003934956 0.324639738 0.566505432 0.005104715 0.999983191 -0.002751668 -0.877113342 -0.324623495 0.004259803 0.945833802 169.298568726
0.935795844 -0.002158952 0.352535605 0.695423126 0.003872190 0.999983788 -0.004154650 -0.882664919 -0.352520972 0.005252988 0.935789168 169.580032349
0.924321949 -0.002491274 0.381605387 0.838314056 0.004644532 0.999978065 -0.004721696 -0.888766646 -0.381585240 0.006136747 0.924313366 169.874938965
0.911844015 -0.004543157 0.410511553 0.996368408 0.007537463 0.999955535 -0.005675932 -0.897170067 -0.410467505 0.008269781 0.911837816 170.147155762
0.897721112 -0.006417374 0.440517247 1.138519287 0.010807316 0.999913752 -0.007457452 -0.900429308 -0.440431446 0.011455521 0.897713184 170.385101318
0.881993771 -0.006088885 0.471221685 1.312805176 0.011457288 0.999898136 -0.008524636 -0.906225562 -0.471121728 0.012917599 0.881973624 170.669830322
0.865447700 -0.004762542 0.500976682 1.507637024 0.011462661 0.999881387 -0.010296599 -0.908847272 -0.500868201 0.014653692 0.865399539 170.947143555
0.846984744 -0.003843790 0.531603277 1.705619812 0.011593239 0.999869585 -0.011241486 -0.916123509 -0.531490624 0.015684370 0.846918941 171.226013184
0.827113271 -0.002297562 0.562030435 1.927719116 0.010207474 0.999888122 -0.010934342 -0.923480451 -0.561942458 0.014780851 0.827044249 171.519927979
0.806370735 -0.001642511 0.591408193 2.168121338 0.009594332 0.999900877 -0.010304626 -0.931402087 -0.591332674 0.013983513 0.806306541 171.810928345
0.784717202 -0.000889760 0.619853377 2.388923645 0.009239613 0.999904633 -0.010261794 -0.938617647 -0.619785070 0.013779808 0.784650624 172.057235718
0.761828959 -0.001999300 0.647775233 2.661918640 0.011635363 0.999876142 -0.010597971 -0.949279428 -0.647673786 0.015610941 0.761757851 172.336257935
0.737745523 -0.002421685 0.675074756 2.951271057 0.014268498 0.999826074 -0.012006458 -0.950183630 -0.674928188 0.018490009 0.737651706 172.606704712
0.712295592 -0.002354745 0.701875687 3.252960205 0.016890096 0.999762297 -0.013786710 -0.949446440 -0.701676250 0.021674961 0.712166071 172.886199951
0.686531484 -0.003033593 0.727093816 3.579376221 0.018613184 0.999736905 -0.013403690 -0.961444378 -0.726861835 0.022735583 0.686407328 173.154632568
0.659546673 -0.003923588 0.751653433 3.929985046 0.018824233 0.999758899 -0.011298851 -0.968199968 -0.751427829 0.021601418 0.659461617 173.437072754
0.631770432 -0.004075003 0.775144815 4.276664734 0.017174341 0.999814451 -0.008741582 -0.972350121 -0.774965286 0.018835278 0.631723106 173.693435669
0.603166342 -0.004833974 0.797600627 4.660774231 0.016309893 0.999847353 -0.006274245 -0.982596397 -0.797448516 0.016793191 0.603153229 173.957427979
0.574328840 -0.006337698 0.818600178 5.067207336 0.016372118 0.999858975 -0.003745629 -0.987269521 -0.818461001 0.015553439 0.574351549 174.216903687
0.545377254 -0.006784147 0.838163197 5.494659424 0.015631862 0.999875665 -0.002078305 -0.994559586 -0.838044941 0.014235510 0.545415521 174.475997925
0.516036451 -0.006221068 0.856544018 5.948074341 0.015073506 0.999884725 -0.001819087 -0.997955322 -0.856433928 0.013849836 0.516070843 174.728668213
0.486740083 -0.000966519 0.873546302 6.426750183 0.009491681 0.999946237 -0.004182395 -0.996805906 -0.873495281 0.010327161 0.486723095 174.988449097
0.457960427 0.002572467 0.888968885 6.911293030 0.005743243 0.999966383 -0.005852352 -0.999203444 -0.888954043 0.007785709 0.457930237 175.231521606
0.429650962 0.003014513 0.902989984 7.422515869 0.005046771 0.999970853 -0.005739571 -1.000507474 -0.902980864 0.007023197 0.429623246 175.456146240
0.400093317 0.002757292 0.916470110 7.980773926 0.002227013 0.999989510 -0.003980790 -1.005822778 -0.916471660 0.003633678 0.400083005 175.689437866
0.370677561 0.003019166 0.928756714 8.536907196 -0.001047208 0.999995410 -0.002832793 -1.007646799 -0.928760946 0.000077452 0.370679051 175.904846191
0.341893375 0.003896178 0.939730704 9.109622955 -0.007838406 0.999968469 -0.001294154 -1.009941816 -0.939706028 -0.006923527 0.341913164 176.113525391
0.313261122 0.002263780 0.949664295 9.716854095 -0.011277718 0.999935448 0.001336512 -1.017755628 -0.949600041 -0.011128725 0.313266516 176.305267334
0.284893185 0.002648548 0.958555579 10.324302673 -0.014935575 0.999886990 0.001676267 -1.020293593 -0.958442867 -0.014794137 0.284900576 176.481918335
0.256922126 0.002880738 0.966427743 10.954433441 -0.017729294 0.999841273 0.001732945 -1.026969194 -0.966269374 -0.017579317 0.256932378 176.644424438
0.230705723 0.005738406 0.973006546 11.622817993 -0.019569654 0.999807715 -0.001256385 -1.031546116 -0.972826719 -0.018751549 0.230773672 176.795715332
0.206985340 0.009234941 0.978300512 12.287292480 -0.019602008 0.999793828 -0.005290510 -1.032902718 -0.978147626 -0.018081596 0.207123682 176.929031372
0.186223820 0.011619076 0.982438624 12.969785690 -0.019095266 0.999784052 -0.008204658 -1.039156437 -0.982321739 -0.017232029 0.186405450 177.051437378
0.168349788 0.011739478 0.985657394 13.661411285 -0.017245578 0.999811172 -0.008962518 -1.048036695 -0.985576391 -0.015489395 0.168520451 177.157562256
0.152788714 0.010173560 0.988206506 14.380666733 -0.016018083 0.999841154 -0.007816751 -1.055313706 -0.988129020 -0.014634863 0.152927443 177.265182495
0.138626948 0.006647994 0.990322351 15.106901169 -0.015086439 0.999875605 -0.004600300 -1.065708399 -0.990229726 -0.014302716 0.138709992 177.361328125
0.124892190 0.002040520 0.992168248 15.852060318 -0.011462631 0.999934137 -0.000613598 -1.074580669 -0.992104232 -0.011296224 0.124907352 177.447952271
0.112691000 -0.000837837 0.993629694 16.608766556 -0.011776779 0.999928296 0.002178793 -1.075593233 -0.993560255 -0.011947289 0.112673052 177.538955688
0.101939537 -0.000246190 0.994790554 17.377845764 -0.013693980 0.999904811 0.001650724 -1.087158442 -0.994696259 -0.013790917 0.101926461 177.610549927
0.091796577 0.003724372 0.995770812 18.159265518 -0.015882213 0.999871194 -0.002275584 -1.097033978 -0.995651126 -0.015606154 0.091843918 177.688385010
0.082038589 0.007459001 0.996601224 18.955738068 -0.017051725 0.999836087 -0.006079542 -1.101318240 -0.996483207 -0.016495012 0.082152344 177.757705688
0.071283273 0.009194838 0.997413695 19.771373749 -0.017344579 0.999817669 -0.007977416 -1.104376197 -0.997305334 -0.016731063 0.071429752 177.815887451
0.060045481 0.007322439 0.998168766 20.592758179 -0.020873072 0.999763548 -0.006078506 -1.117025614 -0.997977316 -0.020469863 0.060184132 177.867156982
0.047306675 0.006461104 0.998859406 21.427425385 -0.021942008 0.999744475 -0.005427639 -1.129483223 -0.998639405 -0.021660224 0.047436364 177.915725708
0.034624010 0.006068265 0.999381900 22.270513535 -0.021989685 0.999744117 -0.005308622 -1.141966343 -0.999158502 -0.021792287 0.034748580 177.945556641
0.021982750 0.005363827 0.999743998 23.133575439 -0.019270804 0.999802053 -0.004940405 -1.149689674 -0.999572575 -0.019157270 0.022081764 177.960830688
0.009855590 0.002148978 0.999949098 23.998851776 -0.017592723 0.999843240 -0.001975356 -1.158361197 -0.999796629 -0.017572356 0.009891852 177.969680786
-0.001775893 -0.001842634 0.999996662 24.868984222 -0.015767504 0.999874055 0.001814406 -1.167988181 -0.999874115 -0.015764233 -0.001804723 177.963851929
-0.012496019 -0.003595771 0.999915421 25.749427795 -0.014126650 0.999894381 0.003419153 -1.171559095 -0.999822080 -0.014082733 -0.012545495 177.952896118
-0.021836860 -0.002908879 0.999757290 26.624759674 -0.012675618 0.999916196 0.002632479 -1.186595201 -0.999681115 -0.012615058 -0.021871902 177.928207397
-0.030189589 0.000912696 0.999543667 27.508672714 -0.008638550 0.999962032 -0.001173992 -1.193092108 -0.999506772 -0.008670052 -0.030180555 177.899841309
-0.036758851 0.005120549 0.999311030 28.386230469 -0.004860509 0.999974072 -0.005302736 -1.200624704 -0.999312341 -0.005052082 -0.036733020 177.871551514
-0.041637208 0.006911922 0.999108791 29.283098221 -0.000497492 0.999975801 -0.006938652 -1.210281491 -0.999132693 -0.000785955 -0.041632757 177.825500488
-0.045087043 0.004807997 0.998971403 30.195426941 0.001131490 0.999987960 -0.004761821 -1.219994903 -0.998982370 0.000915630 -0.045091946 177.790115356
-0.048198041 0.001074650 0.998837173 31.104444504 0.003314181 0.999994099 -0.000915972 -1.237536550 -0.998832285 0.003266179 -0.048201304 177.738754272
-0.051332280 -0.000675864 0.998681545 32.020446777 0.004616382 0.999988914 0.000914031 -1.248431921 -0.998670995 0.004657212 -0.051328592 177.695129395
-0.053973500 -0.000488966 0.998542249 32.932285309 0.005867082 0.999982476 0.000806801 -1.254553795 -0.998525083 0.005902076 -0.053969681 177.650360107
-0.054717969 0.000224204 0.998501837 33.847087860 0.007174357 0.999974191 0.000168621 -1.262313962 -0.998476028 0.007172835 -0.054718170 177.600677490
-0.054581337 -0.000328349 0.998509288 34.770038605 0.009845023 0.999951124 0.000866980 -1.273852825 -0.998460770 0.009877663 -0.054575443 177.542495728
-0.053554270 -0.000232552 0.998564899 35.697998047 0.011954473 0.999928236 0.000874003 -1.283005714 -0.998493373 0.011984125 -0.053547643 177.491638184
