1.000000000 0.000000000 0.000000000 0.000000000 0.000000000 1.000000000 0.000000000 0.000000000 0.000000000 0.000000000 1.000000000 0.000000000
0.999993086 -0.000271887 -0.003700758 -0.015730090 0.000276112 0.999999285 0.001141161 -0.024914978 0.003700445 -0.001142175 0.999992490 1.930388927
0.999977291 -0.000637108 -0.006700276 -0.017507486 0.000644387 0.999999225 0.001084346 -0.053821299 0.006699580 -0.001088639 0.999976933 3.864118814
0.999958158 0.000613341 -0.009124519 -0.039453901 -0.000609735 0.999999762 0.000397998 -0.075353250 0.009124763 -0.000392418 0.999958277 5.795958996
0.999932528 0.002497433 -0.011344409 -0.065935567 -0.002497749 0.999996901 -0.000013811 -0.102016240 0.011344342 0.000042145 0.999935567 7.722690582
0.999905467 0.004471694 -0.012999803 -0.104198396 -0.004457039 0.999989390 0.001156137 -0.125227928 0.013004837 -0.001098088 0.999914765 9.649072647
0.999869406 0.006118456 -0.014960201 -0.142048910 -0.006110739 0.999981165 0.000561517 -0.151722088 0.014963353 -0.000470026 0.999887943 11.564010620
0.999837816 0.006692859 -0.016715167 -0.185488939 -0.006702630 0.999977350 -0.000528579 -0.174177036 0.016711252 0.000640529 0.999860108 13.475932121
0.999797821 0.006465096 -0.019046808 -0.221807942 -0.006476895 0.999978781 -0.000557802 -0.198944107 0.019042801 0.000681054 0.999818444 15.396172523
0.999760509 0.004032163 -0.021509031 -0.262984633 -0.004036220 0.999991834 -0.000145222 -0.223994955 0.021508267 0.000232002 0.999768555 17.316766739
0.999700129 0.002066587 -0.024399364 -0.312395036 -0.002065039 0.999997854 0.000088629 -0.248930812 0.024399495 -0.000038217 0.999702275 19.223394394
0.999615312 0.000174112 -0.027734069 -0.361558378 -0.000175170 1.000000000 -0.000035731 -0.273975253 0.027734062 0.000040575 0.999615312 21.144754410
0.999524236 -0.000099071 -0.030841749 -0.425563723 0.000123275 0.999999702 0.000782909 -0.295889795 0.030841660 -0.000786338 0.999523997 23.060501099
0.999432862 0.001536447 -0.033638939 -0.502014518 -0.001503199 0.999998331 0.001013647 -0.315568477 0.033640441 -0.000962507 0.999433517 24.973228455
0.999328852 0.002145286 -0.036567722 -0.575453043 -0.002156412 0.999997556 -0.000264799 -0.337561458 0.036567062 0.000343477 0.999331117 26.886562347
0.999221206 0.003255848 -0.039324090 -0.661211014 -0.003366091 0.999990523 -0.002737561 -0.361198872 0.039314806 0.002867797 0.999222755 28.795206070
0.999093056 0.004104728 -0.042381402 -0.750038743 -0.004336645 0.999976099 -0.005381638 -0.389379442 0.042358302 0.005560550 0.999086976 30.680644989
0.998962104 0.005204894 -0.045248836 -0.841673076 -0.005416375 0.999974966 -0.004552383 -0.422205031 0.045224007 0.004792744 0.998965323 32.600238800
0.998839915 0.006951167 -0.047648102 -0.940716624 -0.006990298 0.999975324 -0.000654648 -0.447859526 0.047642376 0.000986962 0.998863935 34.519138336
0.998735607 0.006474911 -0.049850926 -1.049000263 -0.006303306 0.999973595 0.003598816 -0.468729258 0.049872912 -0.003280041 0.998750091 36.431324005
0.998622894 0.006024785 -0.052115120 -1.149374723 -0.005729238 0.999966681 0.005818597 -0.476982534 0.052148439 -0.005512003 0.998624146 38.335117340
0.998482525 0.006444457 -0.054689772 -1.266623735 -0.006177804 0.999968231 0.005043398 -0.481688678 0.054720540 -0.004697882 0.998490632 40.268180847
0.998322785 0.006974603 -0.057471015 -1.374792457 -0.006934533 0.999975562 0.000896638 -0.508283436 0.057475857 -0.000496600 0.998346746 42.159381866
0.998126209 0.006848385 -0.060803149 -1.498296499 -0.007162089 0.999962151 -0.004942887 -0.534464002 0.060766999 0.005369103 0.998137534 44.062282562
0.997882187 0.004593568 -0.064884908 -1.624454975 -0.005167322 0.999948919 -0.008677586 -0.562122762 0.064841755 0.008994491 0.997855008 45.982990265
0.997611701 -0.000672796 -0.069068551 -1.752299428 0.000001781 0.999952734 -0.009714808 -0.606693745 0.069071844 0.009691481 0.997564614 47.891349792
0.997279286 -0.006595519 -0.073420227 -1.885474801 0.006054658 0.999952912 -0.007586787 -0.645568848 0.073466808 0.007121610 0.997272253 49.799552917
0.996914327 -0.009387220 -0.077933177 -2.025367498 0.008998296 0.999945402 -0.005340152 -0.676442266 0.077979051 0.004622410 0.996944308 51.714179993
0.996643782 -0.010253569 -0.081216097 -2.179269075 0.009778267 0.999932587 -0.006247913 -0.706037998 0.081274688 0.005432791 0.996676922 53.616264343
0.996431053 -0.006965079 -0.084123060 -2.349254847 0.006508721 0.999962568 -0.005697918 -0.730413198 0.084159598 0.005130048 0.996439099 55.520626068
0.996261895 -0.004361836 -0.086274318 -2.525212288 0.004169225 0.999988377 -0.002412601 -0.763117552 0.086283848 0.002043884 0.996268511 57.423027039
0.996085584 -0.001932924 -0.088373184 -2.701418161 0.001860890 0.999997854 -0.000897490 -0.782174528 0.088374734 0.000729524 0.996087015 59.343204498
0.995934308 0.001154888 -0.090074800 -2.886581421 -0.001239174 0.999998868 -0.000879823 -0.803301573 0.090073682 0.000987864 0.995934606 61.240032196
0.995764673 0.003666623 -0.091865562 -3.074239492 -0.003946064 0.999988139 -0.002860372 -0.827097654 0.091853984 0.003210765 0.995767295 63.151752472
0.995570958 0.006423701 -0.093793370 -3.267968178 -0.006913425 0.999964118 -0.004897313 -0.850516081 0.093758546 0.005524056 0.995579660 65.066558838
0.995387018 0.007479109 -0.095650554 -3.462352991 -0.007908914 0.999960363 -0.004115142 -0.880423605 0.095615983 0.004852651 0.995406389 66.984367371
0.995209515 0.005738510 -0.097596623 -3.652573586 -0.005960541 0.999980271 -0.001983567 -0.908468127 0.097583316 0.002555794 0.995224059 68.903106689
0.995005846 0.002598326 -0.099781990 -3.845495462 -0.002647822 0.999996424 -0.000363613 -0.933975816 0.099780686 0.000626002 0.995009243 70.822044373
0.994803607 -0.000214776 -0.101813473 -4.044551849 0.000151866 0.999999762 -0.000625649 -0.952303588 0.101813599 0.000606936 0.994803250 72.737358093
0.994554102 -0.001384630 -0.104212359 -4.243415356 0.001159812 0.999996960 -0.002217876 -0.970602751 0.104215100 0.002084931 0.994552612 74.667823792
0.994349003 -0.000697398 -0.106157750 -4.457092285 0.000281386 0.999992192 -0.003933733 -1.000286937 0.106159665 0.003881633 0.994341433 76.599929810
0.994134188 0.000518456 -0.108152054 -4.667205811 -0.001036722 0.999988258 -0.004735843 -1.023007154 0.108148322 0.004820187 0.994123220 78.521575928
0.993946254 0.001953951 -0.109849378 -4.893403053 -0.002549428 0.999982834 -0.005280654 -1.055160046 0.109837182 0.005528739 0.993934214 80.453598022
0.993721843 0.001392936 -0.111870348 -5.109081268 -0.002114197 0.999977708 -0.006328926 -1.088386297 0.111859046 0.006525708 0.993702650 82.368736267
0.993451476 0.001025153 -0.114250012 -5.328292370 -0.002009516 0.999961853 -0.008501029 -1.120599627 0.114236921 0.008674949 0.993415594 84.293312073
0.993233383 0.001474294 -0.116126299 -5.558796406 -0.002556925 0.999954641 -0.009174464 -1.151137948 0.116107494 0.009409310 0.993192077 86.226402283
0.993011594 0.002327263 -0.117994063 -5.786249161 -0.003183195 0.999969959 -0.007066089 -1.186406970 0.117974043 0.007392306 0.992989302 88.142074585
0.992748618 0.002864054 -0.120174199 -6.020074368 -0.003520741 0.999979973 -0.005252493 -1.222381115 0.120156750 0.005637508 0.992738903 90.070404053
0.992493331 0.004082681 -0.122230768 -6.269259453 -0.004628414 0.999980569 -0.004181186 -1.249809265 0.122211315 0.004715533 0.992492914 92.016014099
0.992161930 0.004062715 -0.124892838 -6.511020184 -0.004685686 0.999978006 -0.004694690 -1.280568838 0.124871030 0.005243103 0.992159128 93.948768616
0.991872072 0.002651355 -0.127211362 -6.765418530 -0.003277283 0.999983549 -0.004711324 -1.309971690 0.127196744 0.005089939 0.991864443 95.887435913
0.991514087 0.001426083 -0.129991353 -7.024133682 -0.001967569 0.999989927 -0.004037222 -1.345142245 0.129984289 0.004258731 0.991506934 97.835006714
0.991194308 -0.000099569 -0.132415518 -7.296439648 -0.000376125 0.999993563 -0.003567410 -1.377473235 0.132415026 0.003585801 0.991187811 99.791320801
0.990769267 -0.001274227 -0.135553971 -7.564341545 0.000955900 0.999996603 -0.002413402 -1.403841734 0.135556579 0.002261548 0.990767002 101.739936829
0.990302742 -0.003121418 -0.138890699 -7.837544918 0.002960389 0.999994814 -0.001365967 -1.433409691 0.138894200 0.000941550 0.990306795 103.686462402
0.989810109 -0.004510710 -0.142322034 -8.116744995 0.004233425 0.999988496 -0.002251030 -1.459982038 0.142330602 0.001625583 0.989817798 105.634048462
0.989303827 -0.003555578 -0.145826310 -8.401060104 0.002943375 0.999985933 -0.004413718 -1.486693859 0.145839944 0.003937288 0.989300370 107.568496704
0.988827169 -0.001645605 -0.149057418 -8.693918228 0.000732908 0.999980569 -0.006177846 -1.522992611 0.149064705 0.005999577 0.988809228 109.506347656
0.988397360 0.000065603 -0.151890233 -8.999423981 -0.000609976 0.999993682 -0.003537398 -1.557422757 0.151889026 0.003589005 0.988391042 111.450393677
0.987871885 -0.001154211 -0.155266732 -9.298068047 0.001213510 0.999999225 0.000287132 -1.587105155 0.155266285 -0.000472067 0.987872541 113.392631531
0.987424195 -0.004861389 -0.158018336 -9.606014252 0.005098302 0.999986351 0.001093947 -1.610872984 0.158010870 -0.001885815 0.987435579 115.327651978
0.986973524 -0.006295449 -0.160759374 -9.925279617 0.006064714 0.999979734 -0.001925925 -1.633867860 0.160768256 0.000925877 0.986991704 117.264801025
0.986616850 -0.009037798 -0.162804946 -10.247524261 0.008715849 0.999958396 -0.002691666 -1.662558317 0.162822500 0.001236660 0.986654580 119.198661804
0.986172974 -0.010877518 -0.165361732 -10.580604553 0.010334305 0.999938011 -0.004145037 -1.689810753 0.165396556 0.002378825 0.986224294 121.130371094
0.985694885 -0.013211839 -0.168020964 -10.910671234 0.012337692 0.999904394 -0.006245504 -1.725727916 0.168087408 0.004083170 0.985763609 123.058097839
0.985258222 -0.006268018 -0.170959011 -11.253101349 0.005099618 0.999960542 -0.007272687 -1.760328293 0.170997858 0.006293649 0.985251307 124.988502502
0.984989703 0.004639097 -0.172551483 -11.611828804 -0.005124787 0.999984086 -0.002369372 -1.798884869 0.172537759 0.003218097 0.984997630 126.953109741
0.984711051 0.013661886 -0.173658907 -11.986006737 -0.013435400 0.999906778 0.002479702 -1.819588661 0.173676610 -0.000108613 0.984802723 128.898605347
0.984495282 0.013258548 -0.174909294 -12.345332146 -0.012969891 0.999911904 0.002793372 -1.835014224 0.174930945 -0.000481507 0.984580517 130.828842163
0.984178722 0.007199880 -0.177031785 -12.698542595 -0.006968860 0.999973834 0.001926706 -1.850922823 0.177041024 -0.000662513 0.984203219 132.762344360
0.983956814 0.001638265 -0.178400099 -13.051854134 -0.001727393 0.999998450 -0.000344269 -1.870574594 0.178399280 0.000646913 0.983957946 134.710601807
0.983936727 0.000733515 -0.178516164 -13.414940834 -0.001226466 0.999995708 -0.002651038 -1.897898436 0.178513452 0.002827397 0.983933389 136.659896851
0.984036565 0.003949190 -0.177922592 -13.783885956 -0.004606262 0.999984026 -0.003280107 -1.923557878 0.177906796 0.004047303 0.984039009 138.610946655
0.984033704 0.008091242 -0.177797899 -14.154729843 -0.008482373 0.999962986 -0.001439850 -1.954118252 0.177779704 0.002925010 0.984065890 140.570251465
0.984094799 0.008541773 -0.177438781 -14.518926620 -0.008626983 0.999962747 0.000291293 -1.976381779 0.177434623 0.001244101 0.984131813 142.521789551
0.983911514 0.007085183 -0.178516671 -14.878899574 -0.007353214 0.999972761 -0.000839816 -1.994283795 0.178505823 0.002138976 0.983936548 144.476333618
0.983547330 0.006686813 -0.180526823 -15.244957924 -0.007321547 0.999969244 -0.002849892 -2.022923231 0.180502221 0.004124739 0.983565927 146.429565430
0.983256876 0.010286070 -0.181934297 -15.626446724 -0.010476723 0.999945045 -0.000086873 -2.046427488 0.181923419 0.001991494 0.983310640 148.379135132
0.983000875 0.012702679 -0.183160841 -15.998471260 -0.012787672 0.999917984 0.000717097 -2.065149784 0.183154956 0.001637294 0.983082712 150.328994751
0.982813537 0.015016773 -0.183989257 -16.384391785 -0.015703777 0.999874115 -0.002277313 -2.083041191 0.183931887 0.005127501 0.982925594 152.285308838
0.982603133 0.014002879 -0.185188949 -16.760879517 -0.015095905 0.999875903 -0.004493469 -2.113842249 0.185103074 0.007210892 0.982692599 154.209808350
0.982332528 0.012480766 -0.186727419 -17.139659882 -0.013621184 0.999895573 -0.004825584 -2.142168522 0.186647728 0.007283776 0.982399940 156.152847290
0.982114673 0.009809244 -0.188028187 -17.510442734 -0.010609715 0.999938428 -0.003251198 -2.183222294 0.187984720 0.005187975 0.982158244 158.114288330
0.981757581 0.008204916 -0.189959869 -17.897235870 -0.008677276 0.999961019 -0.001655005 -2.211236477 0.189938903 0.003273149 0.981790423 160.075408936
0.981501281 0.007123903 -0.191322610 -18.263946533 -0.007632450 0.999969006 -0.001921248 -2.236549854 0.191303015 0.003345969 0.981525302 162.037048340
0.981233716 0.008096489 -0.192652225 -18.659088135 -0.008381204 0.999964595 -0.000662929 -2.271306753 0.192640066 0.002265146 0.981266856 163.994506836
0.981107831 0.007858762 -0.193301976 -19.046245575 -0.008287399 0.999964654 -0.001408926 -2.296320915 0.193284094 0.002984280 0.981138229 165.939193726
0.980818450 0.008783758 -0.194725260 -19.445964813 -0.009101633 0.999958336 -0.000737746 -2.329750061 0.194710642 0.002495914 0.980857551 167.882202148
0.980698645 0.009784891 -0.195279926 -19.848747253 -0.010245070 0.999946535 -0.001346558 -2.351176262 0.195256308 0.003321224 0.980746627 169.841690063
0.980428755 0.009508627 -0.196644187 -20.249794006 -0.009936582 0.999949872 -0.001189767 -2.372445822 0.196622968 0.003120452 0.980474174 171.799377441
0.980189145 0.009237392 -0.197848216 -20.654972076 -0.009701712 0.999951899 -0.001377643 -2.395482540 0.197825953 0.003269816 0.980231702 173.755828857
0.979936481 0.008282564 -0.199137464 -21.066486359 -0.009081439 0.999953985 -0.003098623 -2.425648928 0.199102655 0.004844910 0.979966640 175.712921143
0.979683876 0.007832240 -0.200395003 -21.469989777 -0.008654192 0.999957323 -0.003225961 -2.457343102 0.200361222 0.004894679 0.979709864 177.675140381
0.979463816 0.007953343 -0.201463073 -21.888633728 -0.008712727 0.999957800 -0.002882869 -2.481134176 0.201431662 0.004578959 0.979491889 179.638153076
0.979214668 0.009113013 -0.202621669 -22.301776886 -0.009977439 0.999944985 -0.003245189 -2.513936996 0.202580974 0.005199383 0.979251742 181.601287842
0.978946805 0.008232092 -0.203949392 -22.715507507 -0.009155883 0.999951661 -0.003586323 -2.543589592 0.203910008 0.005378156 0.978974879 183.569335938
0.978647411 0.006751919 -0.205435649 -23.129901886 -0.007760861 0.999961436 -0.004105847 -2.581317186 0.205400020 0.005612534 0.978661954 185.531524658
0.978427708 0.004947878 -0.206530139 -23.553760529 -0.005682141 0.999979496 -0.002962218 -2.614659548 0.206511244 0.004071849 0.978435755 187.488891602
0.978145540 0.005764386 -0.207841560 -23.979831696 -0.006193181 0.999979854 -0.001412437 -2.644338608 0.207829207 0.002668769 0.978161514 189.446273804
0.977828979 0.006946167 -0.209289670 -24.405113220 -0.007194458 0.999974012 -0.000425070 -2.669253349 0.209281266 0.001921372 0.977853596 191.410842896
0.977620661 0.008135459 -0.210217685 -24.841569901 -0.008592973 0.999962270 -0.001263053 -2.695426941 0.210199460 0.003041182 0.977653801 193.362869263
0.977383316 0.007533622 -0.211341292 -25.273191452 -0.008086636 0.999965787 -0.001752513 -2.724269152 0.211320862 0.003421917 0.977410734 195.322555542
0.977253914 0.007450531 -0.211941913 -25.714099884 -0.007894775 0.999968112 -0.001249900 -2.747427702 0.211925849 0.002894704 0.977281392 197.271743774
0.977024734 0.008619336 -0.212952226 -26.126531601 -0.008872679 0.999960601 -0.000233985 -2.782112837 0.212941825 0.002118065 0.977062583 199.223281860
0.976963997 0.009128740 -0.213209063 -26.563880920 -0.009692101 0.999951720 -0.001597175 -2.805311441 0.213184178 0.003626825 0.977005303 201.162887573
0.977068901 0.010770014 -0.212650582 -26.997579575 -0.011535927 0.999930620 -0.002361282 -2.838876486 0.212610424 0.004760257 0.977125466 203.097396851
0.977005243 0.011364826 -0.212912440 -27.437957764 -0.012114082 0.999924183 -0.002214787 -2.869872808 0.212871104 0.004743097 0.977068782 205.030426025
0.977086484 0.010995483 -0.212558255 -27.862464905 -0.011755421 0.999928176 -0.002311686 -2.893910408 0.212517560 0.004757429 0.977145672 206.964355469
0.977020442 0.010627387 -0.212880492 -28.305908203 -0.011200240 0.999936223 -0.001485130 -2.926553726 0.212851122 0.003835316 0.977077186 208.909042358
0.976868808 0.010590619 -0.213577196 -28.731525421 -0.011383756 0.999932110 -0.002484048 -2.955428600 0.213536382 0.004857899 0.976923048 210.823501587
0.976819634 0.011960153 -0.213729709 -29.173656464 -0.012657752 0.999918103 -0.001895694 -2.987434387 0.213689566 0.004557088 0.976890981 212.762634277
0.976679146 0.012164194 -0.214359045 -29.611791611 -0.012652450 0.999919534 -0.000905806 -3.019150257 0.214330792 0.003596848 0.976754487 214.688446045
0.976459086 0.010801771 -0.215432137 -30.041063309 -0.011606999 0.999929547 -0.002472938 -3.043962479 0.215390250 0.004915243 0.976515710 216.610290527
0.976331890 0.010731987 -0.216011465 -30.490781784 -0.011853297 0.999922156 -0.003896090 -3.069103479 0.215952814 0.006364325 0.976383030 218.552169800
0.976255655 0.009417761 -0.216416687 -30.912664413 -0.010939450 0.999923170 -0.005834393 -3.096477032 0.216345116 0.008063339 0.976283610 220.459777832
0.976275146 0.009274631 -0.216334999 -31.358911514 -0.010630354 0.999930620 -0.005103964 -3.128353596 0.216272593 0.007282591 0.976305902 222.407150269
0.976101518 0.009672553 -0.217099562 -31.781108856 -0.010745742 0.999935210 -0.003763295 -3.168203592 0.217049107 0.006006253 0.976142168 224.335250854
0.976120710 0.010595199 -0.216970116 -32.227638245 -0.011404012 0.999931872 -0.002475997 -3.197665453 0.216929123 0.004891201 0.976175129 226.288146973
0.976079166 0.011164478 -0.217128694 -32.671882629 -0.012052808 0.999923527 -0.002767339 -3.226352692 0.217081234 0.005318153 0.976139069 228.228546143
0.976147711 0.011089482 -0.216823965 -33.113632202 -0.012065184 0.999922156 -0.003176684 -3.255192995 0.216771856 0.005716935 0.976205528 230.171096802
0.976018190 0.009234064 -0.217492893 -33.556110382 -0.010547151 0.999932468 -0.004877274 -3.281817198 0.217433169 0.007054239 0.976049721 232.116806030
0.975963414 0.008707955 -0.217760295 -33.990951538 -0.009940820 0.999940097 -0.004566683 -3.321606159 0.217707500 0.006621631 0.975991607 234.061019897
0.975837767 0.008904919 -0.218314931 -34.439861298 -0.009836261 0.999946535 -0.003179594 -3.355990648 0.218274951 0.005250172 0.975873172 236.010116577
0.975618422 0.007993334 -0.219327927 -34.883651733 -0.008769211 0.999958277 -0.002564220 -3.382022381 0.219298244 0.004425033 0.975647748 237.961746216
0.975377440 0.006419456 -0.220448896 -35.326919556 -0.007227140 0.999969840 -0.002857474 -3.406641245 0.220423892 0.004380331 0.975394309 239.910415649
0.975341678 0.005605749 -0.220628992 -35.789054871 -0.006663279 0.999969542 -0.004049309 -3.442678928 0.220599592 0.005419572 0.975349426 241.838272095
0.975034893 0.005222753 -0.221989974 -36.239608765 -0.006507988 0.999966025 -0.005058517 -3.472000599 0.221956015 0.006376939 0.975035906 243.778854370
0.974795043 0.005512501 -0.223034158 -36.690834045 -0.006733703 0.999966145 -0.004715265 -3.511836052 0.223000601 0.006098262 0.974799216 245.758392334
0.974596739 0.006321412 -0.223877564 -37.146415710 -0.007528767 0.999961376 -0.004539739 -3.545871019 0.223840162 0.006109937 0.974606693 247.714172363
0.974445641 0.006477077 -0.224530116 -37.609855652 -0.008004705 0.999950588 -0.005894060 -3.579505682 0.224480838 0.007540739 0.974449277 249.669830322
0.974174619 0.007073346 -0.225685626 -38.064788818 -0.008750131 0.999941051 -0.006430296 -3.602385044 0.225626841 0.008239008 0.974178970 251.634109497
0.973909855 0.007803769 -0.226800635 -38.525764465 -0.009157243 0.999945939 -0.004916135 -3.629526138 0.226750031 0.006864742 0.973928809 253.599624634
0.973676145 0.008442474 -0.227778852 -38.989509583 -0.009655332 0.999944508 -0.004210934 -3.659361839 0.227730662 0.006299368 0.973703802 255.559951782
0.973612428 0.009140319 -0.228024855 -39.471527100 -0.010391098 0.999936879 -0.004285317 -3.687425613 0.227971300 0.006541666 0.973645866 257.520996094
0.973558187 0.007176317 -0.228326440 -39.938034058 -0.008765457 0.999943912 -0.005946615 -3.717884541 0.228270963 0.007790761 0.973566473 259.468566895
0.973421931 0.006409706 -0.228929400 -40.402206421 -0.008194215 0.999943018 -0.006845286 -3.747154236 0.228872493 0.008539249 0.973418891 261.439910889
0.973428071 0.006445971 -0.228902102 -40.877262115 -0.008176323 0.999944687 -0.006611773 -3.782335758 0.228846803 0.008307663 0.973426998 263.408203125
0.973559916 0.006885581 -0.228328004 -41.352626801 -0.008033672 0.999959350 -0.004099190 -3.825737476 0.228290528 0.005825121 0.973575652 265.379913330
0.973681927 0.006540971 -0.227817431 -41.828109741 -0.007522840 0.999965847 -0.003441821 -3.850783348 0.227787152 0.005065073 0.973697722 267.341491699
0.973784864 0.005438053 -0.227406427 -42.292217255 -0.006113566 0.999978721 -0.002266244 -3.887763739 0.227389336 0.003597097 0.973797321 269.333801270
0.973851264 0.003299317 -0.227162391 -42.755584717 -0.003877430 0.999990284 -0.002098742 -3.915873289 0.227153257 0.002924668 0.973854661 271.300628662
0.973868430 0.001422681 -0.227108419 -43.216537476 -0.001902258 0.999996424 -0.001892812 -3.944246531 0.227104917 0.002275368 0.973867655 273.265014648
0.973731697 0.003081104 -0.227677435 -43.685722351 -0.003749646 0.999989867 -0.002503880 -3.978787661 0.227667406 0.003291817 0.973733425 275.213562012
0.973660409 0.003522949 -0.227975979 -44.142196655 -0.004617123 0.999980211 -0.004266374 -4.006613731 0.227956444 0.005206592 0.973657429 277.143188477
0.973541975 0.004375310 -0.228466570 -44.611083984 -0.005439747 0.999977052 -0.004029527 -4.040839195 0.228443697 0.005165714 0.973543465 279.077026367
0.973193347 0.003758425 -0.229957879 -45.061492920 -0.004830322 0.999979913 -0.004098527 -4.068575859 0.229937822 0.005099429 0.973191977 281.012634277
0.973088384 0.004665565 -0.230385110 -45.529796600 -0.005926585 0.999970973 -0.004781823 -4.098794460 0.230356127 0.006018533 0.973087847 282.946258545
0.972925305 0.004729435 -0.231070980 -45.983123779 -0.005697633 0.999977529 -0.003522913 -4.134529591 0.231049150 0.004744088 0.972930431 284.863616943
0.972694933 0.006468651 -0.231997386 -46.457149506 -0.007306679 0.999969542 -0.002753119 -4.164965153 0.231972471 0.004373075 0.972712517 286.821136475
0.972924292 0.004844511 -0.231073037 -46.929138184 -0.005754825 0.999978125 -0.003265652 -4.180281162 0.231052160 0.004507017 0.972930849 288.728576660
0.972991109 0.004128048 -0.230805740 -47.401065826 -0.005560687 0.999969184 -0.005556964 -4.209880829 0.230775684 0.006690316 0.972984016 290.683013916
0.973140359 0.004715648 -0.230164334 -47.869346619 -0.006045662 0.999968767 -0.005073656 -4.249936581 0.230133250 0.006328875 0.973138690 292.605804443
0.973236680 0.005446943 -0.229739994 -48.337547302 -0.006498496 0.999971569 -0.003820792 -4.281806469 0.229712591 0.005211500 0.973244548 294.551025391
0.973322570 0.005518203 -0.229374737 -48.809188843 -0.006593151 0.999970555 -0.003920323 -4.302774906 0.229346365 0.005328042 0.973330259 296.510467529
0.973422408 0.005549369 -0.228949934 -49.280136108 -0.006744774 0.999967337 -0.004439068 -4.332219124 0.228917807 0.005865302 0.973428071 298.476287842
0.973487794 0.003942641 -0.228704989 -49.744689941 -0.005631375 0.999961436 -0.006731749 -4.364382744 0.228669658 0.007841199 0.973472416 300.423950195
0.973571301 0.002516486 -0.228369385 -50.215969086 -0.004144487 0.999969304 -0.006649512 -4.399354935 0.228345647 0.007420248 0.973551750 302.383422852
0.973689616 0.001715426 -0.227871805 -50.667106628 -0.003199596 0.999975920 -0.006143930 -4.430742741 0.227855772 0.006711379 0.973671734 304.295471191
0.973840237 0.001521413 -0.227228478 -51.138431549 -0.003350292 0.999965012 -0.007663169 -4.465812683 0.227208868 0.008223983 0.973811328 306.257049561
0.973933816 0.002042121 -0.226823241 -51.596168518 -0.003045093 0.999987066 -0.004071998 -4.497498512 0.226812035 0.004656555 0.973927438 308.211395264
0.974027395 0.001074073 -0.226427287 -52.055496216 -0.001668404 0.999995649 -0.002433465 -4.531878948 0.226423651 0.002748034 0.974024951 310.165954590
0.974131227 0.001269109 -0.225979507 -52.523334503 -0.002242661 0.999989271 -0.004051477 -4.556138039 0.225971967 0.004453466 0.974123538 312.123443604
0.974278033 0.002774859 -0.225332350 -52.990478516 -0.003775296 0.999984801 -0.004009059 -4.586405754 0.225317806 0.004756634 0.974273682 314.074310303
0.974364698 0.003502751 -0.224946991 -53.447975159 -0.004157794 0.999988377 -0.002438338 -4.619841576 0.224935845 0.003311114 0.974367917 316.011993408
0.974361002 0.004903291 -0.224936828 -53.905605316 -0.006089133 0.999970973 -0.004578460 -4.654101372 0.224907860 0.005830743 0.974362612 317.952392578
0.974391341 0.006030138 -0.224777937 -54.361549377 -0.008055749 0.999934793 -0.008095582 -4.691429615 0.224714473 0.009699022 0.974376321 319.880706787
0.974466920 0.006837912 -0.224426895 -54.818534851 -0.009000670 0.999922335 -0.008615164 -4.741333008 0.224350542 0.010415184 0.974452853 321.819915771
0.974491060 0.007159403 -0.224312022 -55.277809143 -0.009059651 0.999931216 -0.007443375 -4.781223297 0.224243343 0.009285690 0.974488974 323.766906738
0.974495053 0.007057307 -0.224297956 -55.734542847 -0.008688339 0.999942422 -0.006285578 -4.812864780 0.224240676 0.008074041 0.974500358 325.705749512
0.974564195 0.006205802 -0.224022597 -56.187606812 -0.007740870 0.999952197 -0.005974708 -4.850951195 0.223974809 0.007556865 0.974565625 327.660064697
0.974572480 0.005953344 -0.223993286 -56.633338928 -0.007626656 0.999949038 -0.006605951 -4.887486458 0.223942563 0.008146295 0.974568307 329.603546143
0.974613428 0.006057911 -0.223812461 -57.083415985 -0.008021640 0.999936879 -0.007865824 -4.923737049 0.223750666 0.009461481 0.974600434 331.532897949
0.974689245 0.005723009 -0.223490819 -57.527015686 -0.007865595 0.999931157 -0.008697869 -4.962756157 0.223425671 0.010235608 0.974667192 333.465972900
0.974722207 0.004898410 -0.223366350 -57.975532532 -0.007216081 0.999928236 -0.009561057 -5.003100872 0.223303482 0.010931202 0.974687636 335.401000977
0.974680066 0.003504562 -0.223576501 -58.424030304 -0.005792917 0.999937356 -0.009580163 -5.045754433 0.223528922 0.010632754 0.974639297 337.343231201
0.974614620 0.002348304 -0.223876655 -58.868824005 -0.004558426 0.999945819 -0.009355742 -5.087396622 0.223842517 0.010138771 0.974572599 339.269042969
0.974478483 0.001695764 -0.224474743 -59.317558289 -0.003686531 0.999957442 -0.008449737 -5.125301361 0.224450871 0.009061620 0.974443257 341.220245361
0.974408686 0.001837883 -0.224776238 -59.766738892 -0.003885955 0.999954998 -0.008669542 -5.163417339 0.224750176 0.009321149 0.974371791 343.136260986
0.974373341 0.000747376 -0.224935636 -60.221015930 -0.003126728 0.999942780 -0.010221886 -5.205797195 0.224915177 0.010663245 0.974319935 345.080841064
0.974316716 0.000626691 -0.225180820 -60.676109314 -0.003044732 0.999941349 -0.010391113 -5.245620728 0.225161090 0.010809849 0.974261582 347.021270752
0.974322081 0.001781222 -0.225151673 -61.138397217 -0.003909318 0.999951780 -0.009006369 -5.287928581 0.225124776 0.009655294 0.974282086 348.973297119
0.974341691 0.001762606 -0.225066841 -61.589462280 -0.003801414 0.999955595 -0.008625650 -5.331342697 0.225041643 0.009259904 0.974305093 350.917907715
0.974286795 0.000702373 -0.225310341 -62.034671783 -0.002833727 0.999954224 -0.009136381 -5.371288300 0.225293666 0.009539925 0.974244177 352.870910645
0.974324286 0.000264271 -0.225149199 -62.491191864 -0.002676938 0.999942243 -0.010410652 -5.410179138 0.225133434 0.010746063 0.974268675 354.816101074
0.974301875 -0.000166113 -0.225245908 -62.945682526 -0.002159041 0.999946833 -0.010076375 -5.454113483 0.225235626 0.010303745 0.974249840 356.754089355
0.974294245 0.000016249 -0.225279003 -63.396003723 -0.002168192 0.999954283 -0.009304944 -5.498547077 0.225268587 0.009554201 0.974249840 358.723724365
0.974400401 0.000663804 -0.224818647 -63.856231689 -0.002947723 0.999947429 -0.009823442 -5.538700104 0.224800318 0.010234670 0.974351048 360.677886963
0.974446177 0.000390137 -0.224621281 -64.317329407 -0.002965228 0.999933660 -0.011126921 -5.580946445 0.224602073 0.011508636 0.974382639 362.640136719
0.974376321 -0.000580261 -0.224923313 -64.768585205 -0.002011288 0.999934196 -0.011292623 -5.627103806 0.224915043 0.011455648 0.974311173 364.600646973
0.974319637 -0.001839048 -0.225161821 -65.225357056 -0.000597257 0.999941945 -0.010751644 -5.672467232 0.225168556 0.010610017 0.974261999 366.559814453
0.974238694 -0.003166980 -0.225497112 -65.692916870 0.001033469 0.999953568 -0.009578779 -5.718164444 0.225516975 0.009098973 0.974196672 368.532745361
0.974194705 -0.003558778 -0.225681275 -66.148994446 0.001135821 0.999940276 -0.010865127 -5.748719215 0.225706458 0.010328413 0.974140525 370.472747803
0.974051178 -0.004042501 -0.226291820 -66.612701416 0.001272341 0.999922454 -0.012386054 -5.791321278 0.226324379 0.011776729 0.973980784 372.439788818
0.973913133 -0.005216260 -0.226860851 -67.068908691 0.002345559 0.999913692 -0.012921749 -5.842025280 0.226908684 0.012052547 0.973841429 374.413085938
0.973741710 -0.005172955 -0.227596954 -67.530982971 0.002474444 0.999923229 -0.012140271 -5.884509563 0.227642283 0.011258313 0.973679721 376.383331299
0.973533154 -0.003791222 -0.228514403 -67.988922119 0.001491175 0.999946475 -0.010237039 -5.927160263 0.228541017 0.009625342 0.973486722 378.357543945
0.973356485 -0.003178916 -0.229275122 -68.450386047 0.001363838 0.999966562 -0.008074618 -5.977160454 0.229293108 0.007546787 0.973328173 380.325317383
0.973143876 -0.002955593 -0.230178818 -68.912429810 0.001049177 0.999964058 -0.008404278 -6.018679619 0.230195433 0.007937074 0.973112047 382.285430908
0.972815990 -0.003044359 -0.231559560 -69.374656677 0.000622333 0.999944270 -0.010531951 -6.064611912 0.231578737 0.010101542 0.972763717 384.240692139
0.972464442 -0.004303920 -0.233011574 -69.842002869 0.001542450 0.999926448 -0.012032128 -6.111135483 0.233046234 0.011341409 0.972399473 386.209350586
0.972129107 -0.004892098 -0.234395579 -70.315910339 0.002220810 0.999929547 -0.011659093 -6.154994965 0.234436154 0.010813595 0.972071409 388.150054932
0.971828997 -0.006120722 -0.235607341 -70.791061401 0.003521683 0.999928236 -0.011450453 -6.202077866 0.235660478 0.010298144 0.971780896 390.102264404
0.971401751 -0.006236375 -0.237359852 -71.273681641 0.003539770 0.999924302 -0.011785328 -6.248461723 0.237415373 0.010608090 0.971350312 392.067169189
0.971042812 -0.007139737 -0.238798797 -71.755455017 0.004037815 0.999901056 -0.013476366 -6.294755936 0.238871396 0.012121904 0.970975578 394.017181396
0.970747828 -0.006120480 -0.240023330 -72.250305176 0.003173109 0.999914706 -0.012664058 -6.341484070 0.240080386 0.011531985 0.970684528 395.971282959
0.970408022 -0.005384154 -0.241410762 -72.743309021 0.002496643 0.999921679 -0.012265275 -6.387974739 0.241457880 0.011299605 0.970345497 397.932128906
0.970049202 -0.004762988 -0.242861763 -73.237754822 0.001644070 0.999913573 -0.013043421 -6.432841778 0.242902875 0.012253481 0.969973207 399.879150391
0.969644189 -0.004658562 -0.244475588 -73.731292725 0.001216541 0.999898016 -0.014228309 -6.478271484 0.244516969 0.013498983 0.969551027 401.822448730
0.969158590 -0.004934731 -0.246388540 -74.219345093 0.001734871 0.999911368 -0.013202437 -6.533707619 0.246431842 0.012367805 0.969081223 403.759033203
0.968806803 -0.005659400 -0.247752622 -74.720916748 0.002537521 0.999913275 -0.012918295 -6.584859848 0.247804299 0.011886653 0.968737185 405.700897217
0.968380690 -0.005740738 -0.249411076 -75.224349976 0.002999379 0.999930799 -0.011369987 -6.627770424 0.249459133 0.010262394 0.968330979 407.649200439
0.968091249 -0.005109787 -0.250545561 -75.734947205 0.002612667 0.999943554 -0.010298313 -6.675198555 0.250584066 0.009315116 0.968050003 409.589691162
0.967733443 -0.004996918 -0.251926094 -76.241584778 0.001936517 0.999921322 -0.012394475 -6.720740318 0.251968175 0.011506691 0.967667103 411.524963379
0.967250228 -0.005187764 -0.253771633 -76.749450684 0.001467811 0.999888659 -0.014845822 -6.767500401 0.253820390 0.013987133 0.967150211 413.471862793
0.966905951 -0.005349323 -0.255076945 -77.268447876 0.001630754 0.999889255 -0.014787480 -6.815199375 0.255127817 0.013882134 0.966807663 415.414611816
0.966398478 -0.004389173 -0.257011175 -77.788284302 0.000592505 0.999889553 -0.014847965 -6.865443707 0.257047921 0.014196771 0.966294348 417.352508545
0.965972245 -0.003809454 -0.258617401 -78.312919617 -0.000038046 0.999889433 -0.014870560 -6.914642334 0.258645445 0.014374388 0.965865374 419.305084229
0.965560853 -0.001319334 -0.260174036 -78.840118408 -0.001750710 0.999931514 -0.011567877 -6.967228413 0.260171413 0.011624979 0.965492427 421.242309570
0.965267420 0.000001839 -0.261263728 -79.381439209 -0.002949298 0.999936342 -0.010889469 -7.014318466 0.261247009 0.011281795 0.965206027 423.183380127
0.964915097 0.000519905 -0.262561470 -79.917144775 -0.003810698 0.999920428 -0.012024370 -7.060667992 0.262534410 0.012603037 0.964840353 425.118103027
0.964462817 0.000673372 -0.264217854 -80.456771851 -0.003909400 0.999923646 -0.011721957 -7.107695580 0.264189810 0.012338324 0.964391768 427.063110352
0.964155018 -0.000522883 -0.265339196 -80.980484009 -0.002194007 0.999948144 -0.009942819 -7.152327538 0.265330583 0.010168574 0.964103878 428.999145508
0.963980258 -0.001846010 -0.265967190 -81.520286560 -0.001176449 0.999936461 -0.011204265 -7.199525833 0.265970975 0.011113587 0.963916957 430.937774658
0.963868737 -0.002287064 -0.266367972 -82.061431885 -0.001758878 0.999886692 -0.014949743 -7.252187729 0.266371995 0.014878098 0.963755488 432.881561279
0.964087367 -0.000896125 -0.265583873 -82.596549988 -0.003673692 0.999853551 -0.016709434 -7.300604820 0.265559912 0.017085021 0.963942945 434.760253906
0.964181602 0.000420743 -0.265242755 -83.134872437 -0.004449381 0.999883711 -0.014587824 -7.358823299 0.265205771 0.015245477 0.964071274 436.679229736
0.964345872 0.000844332 -0.264643759 -83.668418884 -0.004554054 0.999899805 -0.013404572 -7.409943581 0.264605910 0.014131847 0.964253008 438.593597412
0.964379370 -0.000129731 -0.264522970 -84.196456909 -0.003599163 0.999900877 -0.013611962 -7.455207348 0.264498562 0.014079156 0.964283288 440.510406494
0.964505196 -0.001882702 -0.264057070 -84.732864380 -0.001843177 0.999902189 -0.013861670 -7.503818989 0.264057368 0.013856358 0.964407444 442.421478271
0.964500785 -0.004074479 -0.264048547 -85.266761780 0.000097846 0.999886513 -0.015071638 -7.556796551 0.264079958 0.014510772 0.964391649 444.338653564
0.964332759 -0.005212538 -0.264641494 -85.800262451 0.001310808 0.999887884 -0.014917910 -7.605369091 0.264689624 0.014038934 0.964231431 446.263183594
0.963958800 -0.005160838 -0.266001582 -86.331588745 0.001321573 0.999892414 -0.014610222 -7.655811310 0.266048342 0.013732109 0.963861883 448.191955566
0.963725209 -0.004196097 -0.266863257 -86.886337280 0.000451421 0.999900579 -0.014091990 -7.703782082 0.266895890 0.013460336 0.963631332 450.139953613
0.963432789 -0.002599208 -0.267937601 -87.430725098 -0.000893940 0.999916196 -0.012914353 -7.756068230 0.267948717 0.012681630 0.963349700 452.076049805
0.962962329 -0.001641807 -0.269630641 -87.971954346 -0.001899768 0.999915302 -0.012873434 -7.805578232 0.269629002 0.012908868 0.962877750 453.997497559
0.962595403 -0.002085229 -0.270934999 -88.519287109 -0.002060980 0.999885082 -0.015017914 -7.857617378 0.270935208 0.015014566 0.962480426 455.910705566
0.961973250 -0.002322445 -0.273133844 -89.070281982 -0.002515691 0.999846101 -0.017361872 -7.910349369 0.273132116 0.017388776 0.961819351 457.821044922
0.961597323 -0.000627255 -0.274463564 -89.612701416 -0.003978552 0.999860466 -0.016224135 -7.970784187 0.274435431 0.016693048 0.961460650 459.733978271
0.961192250 0.000282081 -0.275879323 -90.177818298 -0.004534201 0.999880552 -0.014775270 -8.018751144 0.275842190 0.015452769 0.961078703 461.663330078
0.960681021 0.002093726 -0.277646810 -90.744949341 -0.006266046 0.999880254 -0.014140967 -8.065720558 0.277583987 0.015324706 0.960579097 463.592834473
0.960287333 0.000271964 -0.279012948 -91.292175293 -0.004773699 0.999869049 -0.015455177 -8.117440224 0.278972208 0.016173333 0.960162878 465.466979980
0.959728479 0.000725814 -0.280928314 -91.857742310 -0.005408354 0.999859035 -0.015893158 -8.167842865 0.280877233 0.016772477 0.959597170 467.370605469
0.959359527 0.000677711 -0.282186151 -92.432250977 -0.005058927 0.999877632 -0.014797679 -8.222193718 0.282141656 0.015623855 0.959245563 469.277496338
0.958863854 0.000593894 -0.283865839 -93.005645752 -0.004867289 0.999885142 -0.014349175 -8.274905205 0.283824712 0.015140562 0.958756626 471.192626953
0.958408952 0.000147403 -0.285398483 -93.582824707 -0.004805995 0.999866426 -0.015622803 -8.325850487 0.285358071 0.016344657 0.958281577 473.096801758
0.957904816 -0.000193408 -0.287085950 -94.156982422 -0.004657928 0.999857605 -0.016215468 -8.378718376 0.287048250 0.016870098 0.957767546 474.996398926
0.957495034 -0.000459373 -0.288449138 -94.742973328 -0.004224587 0.999869168 -0.015615695 -8.432440758 0.288418531 0.016170533 0.957367897 476.900512695
0.957158506 -0.001567651 -0.289560080 -95.330017090 -0.003388648 0.999856234 -0.016614508 -8.484827042 0.289544553 0.016883938 0.957015574 478.804534912
0.956721544 -0.001816837 -0.290999323 -95.913749695 -0.003140131 0.999857843 -0.016566390 -8.544849396 0.290988058 0.016763199 0.956579804 480.711608887
0.956468523 -0.001744100 -0.291830122 -96.508094788 -0.003419112 0.999846399 -0.017181585 -8.605489731 0.291815311 0.017431445 0.956315756 482.615386963
0.956185937 -0.000654612 -0.292759299 -97.099617004 -0.004792769 0.999828458 -0.017889369 -8.659358025 0.292720795 0.018508691 0.956018806 484.511047363
0.956025898 0.000000953 -0.293282449 -97.703651428 -0.005115612 0.999847829 -0.016672337 -8.718926430 0.293237865 0.017439503 0.955880523 486.418609619
0.956032634 -0.000571652 -0.293259591 -98.293930054 -0.004012904 0.999878883 -0.015031219 -8.774058342 0.293232709 0.015547160 0.955914676 488.316589355
0.955892146 -0.001291570 -0.293715149 -98.888099670 -0.003373153 0.999876142 -0.015374688 -8.830914497 0.293698609 0.015687289 0.955769360 490.214019775
0.955949843 -0.002502753 -0.293519348 -99.487724304 -0.002387152 0.999864221 -0.016300157 -8.887443542 0.293520331 0.016282806 0.955814123 492.122589111
0.956032574 -0.002757783 -0.293247551 -100.096488953 -0.002276796 0.999855757 -0.016825635 -8.938445091 0.293251723 0.016753517 0.955888391 494.024230957
0.956160724 -0.002669587 -0.292830259 -100.690582275 -0.001984034 0.999876380 -0.015593718 -8.996528625 0.292835712 0.015491086 0.956037283 495.903533936
0.956316710 -0.002392608 -0.292322814 -101.292289734 -0.001714403 0.999903321 -0.013792590 -9.047071457 0.292327583 0.013691245 0.956220210 497.808288574
0.956298470 -0.001901525 -0.292385966 -101.889251709 -0.001811570 0.999921143 -0.012428017 -9.100024223 0.292386502 0.012414571 0.956219614 499.722930908
0.956162632 -0.001328876 -0.292833000 -102.475021362 -0.002685488 0.999907792 -0.013306282 -9.154541016 0.292823672 0.013509367 0.956071019 501.622436523
0.956173897 -0.001432785 -0.292795777 -103.069503784 -0.002997713 0.999887645 -0.014682448 -9.206810951 0.292783946 0.014916690 0.956062257 503.522277832
0.956035733 -0.001053439 -0.293248236 -103.664459229 -0.003438310 0.999884546 -0.014801327 -9.261751175 0.293230057 0.015158875 0.955921650 505.403076172
0.955928504 -0.001006681 -0.293597907 -104.259864807 -0.003319863 0.999893129 -0.014237585 -9.313914299 0.293580860 0.014584817 0.955823004 507.290130615
