1.000000000 -0.000000000 0.000000000 0.000000000 -0.000000000 1.000000000 0.000000000 0.000000000 0.000000000 0.000000000 1.000000000 -0.000000000
0.999989867 0.000498882 0.004472602 -0.000835266 -0.000499547 0.999999881 0.000147649 -0.010010405 -0.004472528 -0.000149881 0.999989986 0.810058177
0.999947727 0.002414620 0.009936152 -0.005957367 -0.002424555 0.999996603 0.000987909 -0.019293021 -0.009933732 -0.001011948 0.999950171 1.629186988
0.999884665 0.002579096 0.014962703 0.007080652 -0.002584769 0.999996603 0.000359820 -0.030679733 -0.014961727 -0.000398453 0.999887943 2.444096804
0.999795854 0.001927795 0.020111984 0.020483915 -0.001902100 0.999997258 -0.001296645 -0.041949593 -0.020114431 0.001258125 0.999796927 3.264708519
0.999650240 0.001353391 0.026409693 0.041674495 -0.001250591 0.999991536 -0.003908653 -0.052098587 -0.026414756 0.003874259 0.999643624 4.082245827
0.999487519 0.001011115 0.031996571 0.069568805 -0.000840744 0.999985397 -0.005337679 -0.066706747 -0.032001503 0.005308042 0.999473751 4.899449348
0.999275029 -0.001371969 0.038045861 0.097716808 0.001590203 0.999982417 -0.005706417 -0.082369737 -0.038037367 0.005762781 0.999259770 5.728116512
0.999056697 -0.001366567 0.043403868 0.127608806 0.001610905 0.999983072 -0.005594905 -0.099755608 -0.043395489 0.005659547 0.999042034 6.555303574
0.998806894 -0.002842497 0.048751295 0.169152081 0.003174070 0.999972343 -0.006725236 -0.110324115 -0.048730828 0.006871951 0.998788297 7.386059284
0.998532653 -0.003139966 0.054063424 0.206583560 0.003582577 0.999960899 -0.008091936 -0.125755548 -0.054035895 0.008273749 0.998504698 8.212724686
0.998237967 -0.003789140 0.059218708 0.259287536 0.004379280 0.999942005 -0.009838836 -0.147576630 -0.059177991 0.010080835 0.998196542 9.043086052
0.997911930 0.000203169 0.064588621 0.309160680 0.000578301 0.999926865 -0.012080267 -0.165332675 -0.064586334 0.012092395 0.997838855 9.875519753
0.997572660 0.000343124 0.069631763 0.366540164 0.000494401 0.999927759 -0.012010325 -0.182471842 -0.069630846 0.012015599 0.997500420 10.708012581
0.997200429 -0.001836091 0.074752569 0.427422911 0.002686748 0.999932766 -0.011280660 -0.202648759 -0.074726827 0.011449918 0.997138321 11.543108940
0.996859133 0.001076767 0.079188302 0.485054821 -0.000159766 0.999932826 -0.011585433 -0.223713830 -0.079195462 0.011536392 0.996792316 12.382626534
0.996513903 0.004823453 0.083287738 0.541306496 -0.003732525 0.999905229 -0.013249051 -0.241433471 -0.083343752 0.012891989 0.996437490 13.211829185
0.996249080 0.007109295 0.086240135 0.608152092 -0.005661361 0.999839067 -0.017022522 -0.261019200 -0.086347274 0.016470434 0.996128976 14.042401314
0.995991051 0.003311572 0.089391366 0.677613735 -0.001521057 0.999796987 -0.020090763 -0.291488767 -0.089439757 0.019874247 0.995793879 14.875951767
0.995703399 0.003147374 0.092545114 0.752938867 -0.000930172 0.999711752 -0.023991451 -0.312231034 -0.092593953 0.023802286 0.995419443 15.712616920
0.995419621 0.002282368 0.095574550 0.819174469 -0.000222896 0.999767661 -0.021553472 -0.337277442 -0.095601536 0.021433445 0.995188951 16.554172516
0.995323658 -0.000874921 0.096592247 0.903462470 0.002890855 0.999780953 -0.020732589 -0.367493987 -0.096552938 0.020914871 0.995108068 17.387048721
0.995218694 -0.001786441 0.097655892 0.980199993 0.003715134 0.999801576 -0.019571623 -0.395613730 -0.097601548 0.019840850 0.995027721 18.218181610
0.995083749 -0.004903548 0.098916352 1.066294432 0.006905271 0.999778092 -0.019904315 -0.421267658 -0.098796815 0.020489505 0.994896591 19.061120987
0.995050907 -0.007377721 0.099091649 1.144901276 0.009329736 0.999771118 -0.019250162 -0.449264020 -0.098926947 0.020079393 0.994892001 19.882751465
0.995098889 -0.004346671 0.098788030 1.213187456 0.006139654 0.999821782 -0.017853048 -0.470656425 -0.098692827 0.018372072 0.994948328 20.719633102
0.995154917 -0.004734979 0.098204568 1.297416925 0.006569562 0.999809742 -0.018366285 -0.498444974 -0.098098919 0.018922461 0.994996727 21.559566498
0.995185018 -0.005729562 0.097846270 1.373931646 0.007524274 0.999809921 -0.017983016 -0.529975414 -0.097724646 0.018632650 0.995039046 22.394805908
0.995250523 -0.006239887 0.097145922 1.451377630 0.008207183 0.999768972 -0.019864548 -0.547455311 -0.096999533 0.020567497 0.995071888 23.218761444
0.995253742 -0.008422241 0.096948512 1.530749202 0.010286127 0.999771476 -0.018741820 -0.573140681 -0.096768506 0.019650094 0.995112836 24.057249069
0.995225072 -0.009417510 0.097150207 1.597242594 0.011128871 0.999792039 -0.017088821 -0.598893583 -0.096969083 0.018088397 0.995122969 24.882154465
0.995224118 -0.009217163 0.097179562 1.689193726 0.010807950 0.999815822 -0.015855903 -0.617164373 -0.097015530 0.016830491 0.995140553 25.742437363
0.995243013 -0.006551176 0.097203828 1.764217615 0.008035422 0.999856889 -0.014885810 -0.647432446 -0.097092405 0.015596074 0.995153129 26.596574783
0.995160878 -0.005556834 0.098101199 1.835743308 0.007167531 0.999845147 -0.016073942 -0.667757511 -0.097996704 0.016699303 0.995046556 27.445009232
0.995089412 -0.003985042 0.098899983 1.909079552 0.005889507 0.999802768 -0.018972002 -0.690606713 -0.098804869 0.019461311 0.994916499 28.287729263
0.994980812 -0.001734297 0.100049630 1.973674059 0.004025230 0.999734223 -0.022700638 -0.719662547 -0.099983662 0.022989422 0.994723439 29.115037918
0.994954765 0.002515400 0.100292794 2.059462547 -0.000301617 0.999756098 -0.022082256 -0.748149633 -0.100323878 0.021940596 0.994712889 29.954648972
0.994928837 0.002909296 0.100538701 2.142158031 -0.000675222 0.999752223 -0.022247925 -0.777852297 -0.100578524 0.022067221 0.994684339 30.801561356
0.994892955 -0.001765041 0.100919455 2.232036591 0.003631355 0.999825716 -0.018312393 -0.804163158 -0.100869544 0.018585345 0.994726121 31.660543442
0.994885683 -0.004318556 0.100915313 2.314471483 0.006091096 0.999832392 -0.017263118 -0.822237551 -0.100823842 0.017789513 0.994745255 32.501659393
0.994780004 -0.008609652 0.101679198 2.399186373 0.010262292 0.999823511 -0.015741592 -0.854754269 -0.101525709 0.016702885 0.994692683 33.318473816
0.994731665 -0.010914939 0.101930097 2.487200737 0.012684795 0.999779642 -0.016731415 -0.876798034 -0.101724997 0.017936232 0.994650781 34.153175354
0.994692445 -0.010951579 0.102307931 2.569151402 0.013129329 0.999700785 -0.020637155 -0.910275221 -0.102051303 0.021870857 0.994538665 34.982467651
0.994625747 -0.012568610 0.102769539 2.656777382 0.015044117 0.999614120 -0.023348421 -0.934433043 -0.102436416 0.024769019 0.994431078 35.815265656
0.994458377 -0.011948107 0.104449868 2.740034580 0.014512026 0.999610901 -0.023821436 -0.962396204 -0.104124613 0.025205204 0.994244754 36.634700775
0.994260848 -0.010941358 0.106421284 2.823374748 0.013320684 0.999676347 -0.021672523 -0.993574142 -0.106149718 0.022965748 0.994084835 37.472782135
0.994116127 -0.008002821 0.108023472 2.901410818 0.010246455 0.999742866 -0.020230817 -1.020457506 -0.107833788 0.021218639 0.993942440 38.303005219
0.993935347 -0.004866237 0.109857440 2.983237743 0.007340035 0.999728262 -0.022125112 -1.048326492 -0.109719917 0.022797292 0.993701100 39.134571075
0.993845046 -0.004693655 0.110679314 3.081478596 0.007224198 0.999721289 -0.022473812 -1.075361371 -0.110542998 0.023135049 0.993602037 39.965404510
0.993605733 -0.003606546 0.112847246 3.167190552 0.006074640 0.999749601 -0.021534907 -1.099737883 -0.112741321 0.022082711 0.993378937 40.806079865
0.993381321 -0.003920848 0.114795849 3.258985519 0.005999379 0.999824166 -0.017766438 -1.125727654 -0.114705987 0.018337548 0.993230224 41.639133453
0.993171692 -0.004331065 0.116581701 3.356736660 0.006415260 0.999826133 -0.017508263 -1.156491995 -0.116485603 0.018136611 0.993026733 42.484600067
0.993005157 -0.003468633 0.118019462 3.451588392 0.005793889 0.999795675 -0.019364908 -1.181670189 -0.117928177 0.019913247 0.992822289 43.320365906
0.992793441 -0.003443522 0.119789153 3.548731804 0.006059667 0.999750793 -0.021482188 -1.208809972 -0.119685315 0.022053257 0.992566884 44.155818939
0.992559552 -0.005098393 0.121653512 3.652688503 0.007946642 0.999705195 -0.022939125 -1.235537767 -0.121500708 0.023735184 0.992307425 44.999118805
0.992286503 -0.005589691 0.123839892 3.754612446 0.008424219 0.999714017 -0.022376843 -1.266873121 -0.123679407 0.023247488 0.992049873 45.841438293
0.991962314 -0.004383412 0.126456827 3.846202135 0.007381520 0.999702573 -0.023249708 -1.286022186 -0.126317263 0.023996281 0.991699636 46.682826996
0.991701663 -0.002081796 0.128543630 3.951023102 0.005094833 0.999719799 -0.023115445 -1.317964315 -0.128459483 0.023578534 0.991434395 47.529148102
0.991268158 -0.002685986 0.131833822 4.050264359 0.005957406 0.999683857 -0.024426583 -1.345960021 -0.131726548 0.024998685 0.990970790 48.365234375
0.990940690 -0.002776511 0.134272695 4.159795284 0.006306153 0.999645472 -0.025868952 -1.382838607 -0.134153306 0.026481334 0.990606725 49.200580597
0.990450621 -0.002492184 0.137846440 4.274252892 0.006295353 0.999611318 -0.027160801 -1.413785815 -0.137725174 0.027769225 0.990081072 50.054386139
0.990122795 0.001198153 0.140197560 4.373969078 0.002518948 0.999650061 -0.026332853 -1.447361350 -0.140180022 0.026425913 0.989773333 50.890148163
0.989621520 -0.000007741 0.143699214 4.503603935 0.003687683 0.999672055 -0.025342319 -1.472370148 -0.143651873 0.025609221 0.989296854 51.753372192
0.989207029 0.000902241 0.146522015 4.625757217 0.002787932 0.999684095 -0.024977801 -1.511728406 -0.146498263 0.025116706 0.988892019 52.604431152
0.988621294 0.002940205 0.150397047 4.744190216 0.001117814 0.999637783 -0.026890386 -1.545452476 -0.150421634 0.026752520 0.988259912 53.449012756
0.988036811 0.004669030 0.154147506 4.866327286 -0.000070530 0.999555171 -0.029823815 -1.578001380 -0.154218167 0.029456157 0.987597644 54.284530640
0.987473607 0.001735910 0.157775208 4.999983788 0.003046059 0.999543488 -0.030061875 -1.605469823 -0.157755375 0.030165901 0.987017393 55.126617432
0.986920893 -0.001637488 0.161197156 5.141223907 0.006394609 0.999559045 -0.028996829 -1.643081903 -0.161078602 0.029648369 0.986496150 55.975105286
0.986291111 -0.002452642 0.164996460 5.271792889 0.006952455 0.999619246 -0.026700184 -1.682645082 -0.164868161 0.027481284 0.985932648 56.816520691
0.985702097 -0.004182181 0.168445945 5.420288086 0.009025856 0.999567211 -0.027999679 -1.713411450 -0.168255970 0.029119710 0.985313237 57.662269592
0.985192776 -0.003572698 0.171412691 5.565693855 0.008458773 0.999578178 -0.027782848 -1.748392224 -0.171241134 0.028821401 0.984807432 58.506309509
0.984497666 -0.003136944 0.175369307 5.710822582 0.008176159 0.999573946 -0.028019734 -1.781384110 -0.175206706 0.029019210 0.984103918 59.347995758
0.983883500 -0.001166293 0.178807080 5.857382774 0.006206182 0.999598980 -0.027629409 -1.816805124 -0.178703159 0.028293826 0.983496070 60.189350128
0.983217895 -0.000715952 0.182433650 6.006744385 0.005848027 0.999602079 -0.027594790 -1.851140380 -0.182341337 0.028198566 0.982830822 61.023658752
0.982537866 -0.000275452 0.186062455 6.157914639 0.005720279 0.999570847 -0.028727230 -1.881101489 -0.185974702 0.029289924 0.982117772 61.854640961
0.981883883 -0.000630714 0.189482450 6.315779209 0.006272974 0.999554634 -0.029178957 -1.915656567 -0.189379618 0.029838964 0.981450498 62.687164307
0.981327832 0.000710585 0.192341760 6.471436024 0.004777825 0.999594629 -0.028069349 -1.947048664 -0.192283735 0.028464207 0.980926514 63.521144867
0.980831981 0.000171491 0.194855586 6.638063431 0.004590453 0.999701738 -0.023986490 -1.982293248 -0.194801614 0.024421193 0.980538487 64.351287842
0.980289221 -0.002635309 0.197549626 6.809272766 0.007196692 0.999723732 -0.022375435 -2.014000893 -0.197436094 0.023356104 0.980037451 65.184089661
0.979674757 -0.002093194 0.200581267 6.973909855 0.007106486 0.999680102 -0.024277052 -2.045911551 -0.200466260 0.025209047 0.979376316 66.006690979
0.978998721 -0.001773902 0.203858033 7.138054371 0.007734150 0.999565601 -0.028444266 -2.073446274 -0.203719020 0.029423578 0.978587151 66.828292847
0.978492379 -0.000878080 0.206280679 7.312383652 0.007694564 0.999450326 -0.032244779 -2.104057550 -0.206138998 0.033138506 0.977961481 67.648826599
0.977811515 -0.001208508 0.209482804 7.477902889 0.008058799 0.999460161 -0.031850494 -2.141173124 -0.209331244 0.032831959 0.977293432 68.464279175
0.977175117 -0.003262407 0.212410420 7.645704269 0.010001581 0.999479830 -0.030660382 -2.179591894 -0.212199926 0.032084998 0.976699352 69.265724182
0.976531327 -0.006927447 0.215263218 7.834816456 0.013506100 0.999485075 -0.029105078 -2.212606192 -0.214950785 0.031329393 0.976122141 70.089775085
0.976003051 -0.003752900 0.217723951 8.009555817 0.010394886 0.999514520 -0.029369140 -2.249156237 -0.217508033 0.030927591 0.975568354 70.895446777
0.975262225 -0.000528606 0.221050397 8.178334236 0.007117889 0.999553621 -0.029013470 -2.282273293 -0.220936418 0.029869152 0.974830687 71.705261230
0.974747956 -0.002844923 0.223289803 8.367013931 0.010116780 0.999454677 -0.031429723 -2.321198225 -0.223078638 0.032895036 0.974245250 72.498863220
0.974163473 -0.002719074 0.225827634 8.550185204 0.010509570 0.999390006 -0.033302486 -2.357083321 -0.225599349 0.034815412 0.973597825 73.306900024
0.973411918 -0.003109807 0.229040712 8.733012199 0.011469567 0.999315262 -0.035176866 -2.388787985 -0.228774518 0.036868576 0.972781003 74.100242615
0.972893417 -0.003637181 0.231225416 8.920060158 0.011761055 0.999360561 -0.033765301 -2.433599472 -0.230954751 0.035569496 0.972314119 74.906379700
0.972401500 -0.004424549 0.233272225 9.113881111 0.012097144 0.999431431 -0.031470731 -2.474368572 -0.233000368 0.033424113 0.971902072 75.701995850
0.971806407 -0.005986617 0.235704109 9.302187920 0.013719588 0.999419570 -0.031181639 -2.509984493 -0.235380635 0.033536278 0.971324503 76.503280640
0.971311748 -0.006249099 0.237727791 9.500768661 0.014308061 0.999379516 -0.032189615 -2.540556431 -0.237379104 0.034667574 0.970798314 77.304786682
0.970678449 -0.005123985 0.240327075 9.693225861 0.013426187 0.999367774 -0.032920826 -2.578314066 -0.240006417 0.035182204 0.970133603 78.094245911
0.970011353 -0.005444704 0.242999226 9.888566017 0.013714801 0.999382377 -0.032354716 -2.615402222 -0.242672980 0.034717124 0.969486773 78.893730164
0.969470322 -0.003474355 0.245184243 10.082074165 0.011510829 0.999442160 -0.031351890 -2.651111126 -0.244938552 0.033216998 0.968969524 79.687667847
0.968700469 -0.001198958 0.248229474 10.281329155 0.009453617 0.999441087 -0.032064825 -2.690726042 -0.248052284 0.033407886 0.968170404 80.489204407
0.967792928 -0.003719443 0.251719713 10.487605095 0.012353779 0.999387860 -0.032729793 -2.731103659 -0.251443863 0.034785353 0.967246532 81.295845032
0.966917753 -0.005929065 0.255019277 10.699878693 0.015354043 0.999269903 -0.034983099 -2.768331766 -0.254625678 0.037741359 0.966302931 82.091133118
0.966069996 -0.005539143 0.258220494 10.905710220 0.015417602 0.999223828 -0.036246698 -2.806262255 -0.257819325 0.038997985 0.965405822 82.876869202
0.965216935 -0.007144964 0.261352628 11.115976334 0.017200807 0.999196112 -0.036208905 -2.844025612 -0.260883838 0.039444920 0.964563966 83.666091919
0.964446247 -0.004623917 0.264238685 11.328978539 0.014655875 0.999244094 -0.036006764 -2.879887104 -0.263872415 0.038599245 0.963784933 84.444145203
0.963481367 -0.003561387 0.267751724 11.546139717 0.013458933 0.999291837 -0.035139136 -2.922798395 -0.267437011 0.037459556 0.962846935 85.228744507
0.962286294 -0.005957788 0.271973521 11.763199806 0.015904626 0.999282122 -0.034383096 -2.960580826 -0.271573454 0.037412021 0.961690247 86.007820129
0.961209357 -0.004313609 0.275786042 11.988669395 0.014341684 0.999306679 -0.034355421 -2.994078636 -0.275446594 0.036977984 0.960604906 86.784271240
0.959793925 -0.001784223 0.280699998 12.203546524 0.011041039 0.999445856 -0.031399664 -3.031787634 -0.280488461 0.033236425 0.959281802 87.554039001
0.958673954 -0.000249931 0.284506887 12.429132462 0.009079685 0.999517083 -0.029716851 -3.063617468 -0.284362018 0.031072009 0.958213270 88.330940247
0.957455993 -0.004980438 0.288536340 12.670827866 0.013657397 0.999512851 -0.028066993 -3.106344700 -0.288255900 0.030813565 0.957057655 89.102775574
0.956150472 -0.005523726 0.292823583 12.904028893 0.015153075 0.999416053 -0.030626366 -3.139583349 -0.292483360 0.033720594 0.955675960 89.866058350
0.954772711 -0.003280664 0.297318608 13.139648438 0.013600971 0.999374270 -0.032649234 -3.175320864 -0.297025502 0.035216421 0.954219997 90.629051208
0.953334630 -0.001776739 0.301910460 13.371964455 0.012266993 0.999384820 -0.032853793 -3.206517935 -0.301666319 0.035024196 0.952770054 91.389007568
0.952083945 -0.002316672 0.305827975 13.614892006 0.012191720 0.999463916 -0.030383458 -3.237646580 -0.305593610 0.032656170 0.951601923 92.151855469
0.950668752 -0.002715814 0.310195774 13.856684685 0.012041226 0.999531150 -0.028152151 -3.277085781 -0.309973836 0.030498507 0.950255752 92.909278870
0.949154198 -0.002589605 0.314800948 14.107103348 0.012280927 0.999509633 -0.028806020 -3.307579994 -0.314571917 0.031207398 0.948720574 93.662170410
0.947786987 -0.003125228 0.318888605 14.358598709 0.013844585 0.999412477 -0.031353664 -3.342417717 -0.318603277 0.034131482 0.947273374 94.405303955
0.946290016 -0.004742670 0.323284447 14.615713120 0.016418340 0.999307275 -0.033398222 -3.374505997 -0.322902143 0.036912195 0.945712209 95.151069641
0.944637001 -0.006341395 0.328055739 14.868772507 0.017900601 0.999320269 -0.032227710 -3.409774780 -0.327628404 0.036315892 0.944108427 95.892631531
0.943311572 -0.007363598 0.331826836 15.140001297 0.018047675 0.999412715 -0.029127561 -3.443556786 -0.331417531 0.033465069 0.942890406 96.620719910
0.941656291 -0.007217429 0.336498767 15.398452759 0.016839292 0.999528229 -0.025684493 -3.483698368 -0.336154670 0.029852364 0.941333473 97.358222961
0.939811170 -0.004331521 0.341666996 15.656354904 0.014471744 0.999526978 -0.027135286 -3.513097286 -0.341387928 0.030446563 0.939429164 98.090019226
0.937770367 -0.006687168 0.347191900 15.933023453 0.018584097 0.999348164 -0.030947721 -3.542891979 -0.346758753 0.035474099 0.937283337 98.818077087
0.935969651 -0.003501476 0.352063328 16.203058243 0.016879544 0.999246895 -0.034936618 -3.575708389 -0.351675898 0.038642272 0.935323954 99.542884827
0.933936775 0.000499461 0.357438117 16.470264435 0.013144667 0.999274552 -0.035741527 -3.605433702 -0.357196689 0.038078722 0.933252692 100.267280579
0.932467699 0.002798912 0.361242384 16.747598648 0.010049463 0.999381959 -0.033683699 -3.646287203 -0.361113459 0.035039265 0.931863368 100.993286133
0.930878639 -0.001825300 0.365324140 17.041149139 0.013831597 0.999446511 -0.030250523 -3.680572510 -0.365066797 0.033212584 0.930388689 101.721443176
0.928850532 -0.003968008 0.370433509 17.322406769 0.015805727 0.999456465 -0.028926393 -3.712980270 -0.370117426 0.032723267 0.928408444 102.447364807
0.927283645 -0.001531790 0.374356598 17.623414993 0.013261847 0.999498308 -0.028759934 -3.741922855 -0.374124736 0.031633276 0.926838756 103.181320190
0.925583720 -0.000721957 0.378542304 17.895332336 0.012757136 0.999489665 -0.029286578 -3.779136658 -0.378327966 0.031936292 0.925120592 103.857009888
0.924259067 -0.000371225 0.381765723 18.186477661 0.012863432 0.999462008 -0.030170653 -3.808776617 -0.381549031 0.032796312 0.923766613 104.565315247
0.922892570 0.001364219 0.385055095 18.475292206 0.010728274 0.999514461 -0.029254518 -3.843959808 -0.384908020 0.031129751 0.922429800 105.268234253
0.921267271 0.000767834 0.388929188 18.769538879 0.011025328 0.999544621 -0.028089322 -3.872707844 -0.388773620 0.030165842 0.920839369 105.980171204
0.920055151 0.002264938 0.391782582 19.062723160 0.009909858 0.999528825 -0.029050509 -3.905955315 -0.391663849 0.030610576 0.919599056 106.672752380
0.918332756 0.002181523 0.395803332 19.357824326 0.009958176 0.999540985 -0.028613808 -3.934901953 -0.395684063 0.030218476 0.917889416 107.365005493
0.916975141 0.004023250 0.398923993 19.645000458 0.009175179 0.999472022 -0.031170197 -3.969600201 -0.398838758 0.032242499 0.916454077 108.050186157
0.915785491 0.006842207 0.401609421 19.940235138 0.006833494 0.999444842 -0.032609858 -4.001808167 -0.401609540 0.032608032 0.915230334 108.744514465
0.914594412 0.006495921 0.404320180 20.249876022 0.007722273 0.999408007 -0.033524968 -4.038599014 -0.404298604 0.033784021 0.914002836 109.425483704
0.913698256 0.004291787 0.406370461 20.553585052 0.009850720 0.999416590 -0.032703813 -4.067252159 -0.406273723 0.033884469 0.913122833 110.105987549
0.912411213 0.005974269 0.409230828 20.850967407 0.007882945 0.999451339 -0.032166395 -4.102245808 -0.409198552 0.032574922 0.911863685 110.787384033
0.911748767 0.007099263 0.410686940 21.147500992 0.005833695 0.999526143 -0.030229252 -4.138271809 -0.410706878 0.029957308 0.911275148 111.466941833
0.911506295 0.008760442 0.411192834 21.441699982 0.004462767 0.999503672 -0.031187162 -4.174048424 -0.411261916 0.030262349 0.911014736 112.138992310
0.910807073 0.009586570 0.412720978 21.749938965 0.003629767 0.999505699 -0.031226540 -4.202869415 -0.412816316 0.029939435 0.910322130 112.818588257
0.910541296 0.009438575 0.413310528 22.052101135 0.003885779 0.999499798 -0.031385645 -4.231779575 -0.413400024 0.030183956 0.910049140 113.493850708
0.910877824 0.007980149 0.412599057 22.352918625 0.005017966 0.999524951 -0.030409938 -4.264022827 -0.412645757 0.029770143 0.910404980 114.159118652
0.911721885 0.009555864 0.410696894 22.648685455 0.003939449 0.999480128 -0.032000665 -4.296487808 -0.410789162 0.030793628 0.911210179 114.824554443
0.912516415 0.010063577 0.408915937 22.945552826 0.003822953 0.999443769 -0.033127800 -4.328491688 -0.409021825 0.031792935 0.911970556 115.496810913
0.913466930 0.005058501 0.406881511 23.248060226 0.009676147 0.999369919 -0.034147907 -4.357553959 -0.406797886 0.035130031 0.912842393 116.169143677
0.913863957 0.000855545 0.406019658 23.550338745 0.013903746 0.999345243 -0.033400141 -4.389901638 -0.405782491 0.036168382 0.913253784 116.835433960
0.913687646 0.005376997 0.406381577 23.837057114 0.008802675 0.999416053 -0.033015165 -4.427567005 -0.406321824 0.033742793 0.913106799 117.514526367
0.913962007 0.006744964 0.405743480 24.131313324 0.007628568 0.999399662 -0.033797555 -4.462659836 -0.405727774 0.033984926 0.913361907 118.191810608
0.914338768 0.006717632 0.404894263 24.432771683 0.008499185 0.999323726 -0.035772860 -4.493627548 -0.404860735 0.036149789 0.913663507 118.864189148
0.914516449 0.007768519 0.404473990 24.727666855 0.008015263 0.999271333 -0.037315011 -4.528166771 -0.404469073 0.037367161 0.913787961 119.542839050
0.914127827 0.007419515 0.405358195 25.020637512 0.008208529 0.999288857 -0.036801729 -4.565679073 -0.405342996 0.036968879 0.913416803 120.219573975
0.914411843 0.007196845 0.404721141 25.316087723 0.007589348 0.999361336 -0.034917962 -4.592246532 -0.404713959 0.035000969 0.913773179 120.897682190
0.914316773 0.007410140 0.404932112 25.622045517 0.006304857 0.999450982 -0.032525714 -4.631765842 -0.404950798 0.032291844 0.913768053 121.589744568
0.914089084 0.003784155 0.405495733 25.916736603 0.009406242 0.999489546 -0.030531434 -4.666905880 -0.405404270 0.031722642 0.913586915 122.247497559
0.914082885 0.000351901 0.405526936 26.211133957 0.011866570 0.999548256 -0.027615361 -4.697991371 -0.405353427 0.030054947 0.913665831 122.914344788
0.913633406 -0.001613243 0.406535745 26.503696442 0.014004241 0.999523520 -0.027506238 -4.727818966 -0.406297684 0.030823842 0.913220763 123.573989868
0.913469434 -0.000577202 0.406906962 26.795799255 0.013515607 0.999490261 -0.028923538 -4.760573387 -0.406682730 0.031920362 0.913011670 124.228660583
0.912852883 0.001447409 0.408285946 27.085870743 0.013401092 0.999348581 -0.033505168 -4.798578262 -0.408068538 0.036056776 0.912238955 124.885688782
0.912412465 -0.000051372 0.409272045 27.380918503 0.015809402 0.999257982 -0.035119325 -4.828279018 -0.408966541 0.038513653 0.911736310 125.531288147
0.912017047 0.000858962 0.410151303 27.676425934 0.014847692 0.999273181 -0.035108227 -4.863854408 -0.409883410 0.038109105 0.911341548 126.186447144
0.910801589 0.003114386 0.412832648 27.956560135 0.011166172 0.999419808 -0.032174651 -4.889550209 -0.412693322 0.033914473 0.910238504 126.843330383
0.909599900 0.007344812 0.415420353 28.249010086 0.005855722 0.999517858 -0.030493530 -4.929678917 -0.415444046 0.030169494 0.909118176 127.493133545
0.908388615 0.005106140 0.418095708 28.546859741 0.008367943 0.999503195 -0.030387653 -4.962425709 -0.418043107 0.031102397 0.907894611 128.139633179
0.907071114 0.005897091 0.420936048 28.839599609 0.010107915 0.999308527 -0.035781235 -4.992851257 -0.420855939 0.036710910 0.906384230 128.781494141
0.905449390 0.008695498 0.424365044 29.136714935 0.009063683 0.999166071 -0.039812312 -5.030392170 -0.424357325 0.039894350 0.904615521 129.423187256
0.904077709 0.013951194 0.427140206 29.436075211 0.004617736 0.999089777 -0.042405955 -5.060806751 -0.427343011 0.040310699 0.903190434 130.070617676
0.903255701 0.012277644 0.428927064 29.743549347 0.006162156 0.999116421 -0.041575361 -5.092500687 -0.429058462 0.040196303 0.902381897 130.713775635
0.902206540 0.010762527 0.431169897 30.046688080 0.006605410 0.999226570 -0.038763482 -5.131153107 -0.431253612 0.037820723 0.901437700 131.360534668
0.901134253 0.007618710 0.433473110 30.363639832 0.009455514 0.999262571 -0.037219785 -5.169103146 -0.433436960 0.037638742 0.900397480 132.007812500
0.900300980 0.006845225 0.435214162 30.676357269 0.011061846 0.999193728 -0.038598683 -5.205335617 -0.435127437 0.039564710 0.899499178 132.654144287
0.899361670 0.004187740 0.437185407 30.995641708 0.014043768 0.999161422 -0.038461145 -5.236955643 -0.436979830 0.040730219 0.898548663 133.302001953
0.898748279 0.005597112 0.438429207 31.310754776 0.012638486 0.999172390 -0.038663711 -5.271889687 -0.438282639 0.040290032 0.897933781 133.947509766
0.898072839 0.003160991 0.439835668 31.629861832 0.015712963 0.999105334 -0.039263628 -5.312623501 -0.439566344 0.042172715 0.897219598 134.602050781
0.897918940 0.002264165 0.440155029 31.951545715 0.018484313 0.998910606 -0.042846538 -5.349696159 -0.439772576 0.046608672 0.896898925 135.244781494
0.897387028 0.000494195 0.441243976 32.278862000 0.022488402 0.998648584 -0.046854641 -5.385666370 -0.440670788 0.051969618 0.896163106 135.892684937
0.896522760 0.003158566 0.442986488 32.591094971 0.020107903 0.998653710 -0.047815245 -5.425197124 -0.442541152 0.051774979 0.895252287 136.543869019
0.895830393 0.003566677 0.444381803 32.910224915 0.019038174 0.998741686 -0.046395145 -5.465254784 -0.443988144 0.050022412 0.894635201 137.201278687
0.895232022 0.006040239 0.445559263 33.235980988 0.015845127 0.998844326 -0.045377407 -5.510984421 -0.445318371 0.047683265 0.894101679 137.868942261
0.894731522 0.007074945 0.446548432 33.566001892 0.015750058 0.998752654 -0.047381625 -5.554652214 -0.446326673 0.049426995 0.893504024 138.532485962
0.894401491 0.007940152 0.447194487 33.897254944 0.015977489 0.998636961 -0.049686696 -5.594813347 -0.446979553 0.051584903 0.893055499 139.197906494
0.894022644 0.008123768 0.447948098 34.234481812 0.016516015 0.998558462 -0.051072322 -5.635400772 -0.447717249 0.053058133 0.892599642 139.871200562
0.893673599 0.006542281 0.448669940 34.574913025 0.017680243 0.998603821 -0.049777143 -5.680221558 -0.448369265 0.052417107 0.892310202 140.548858643
0.893405855 0.006638355 0.449201316 34.913257599 0.017134489 0.998659670 -0.048836704 -5.727746964 -0.448923439 0.051327839 0.892094851 141.231033325
0.893097401 0.005897698 0.449824721 35.256870270 0.017726345 0.998676062 -0.048288230 -5.775359154 -0.449513972 0.051099844 0.891810536 141.917144775
0.892826378 0.006875756 0.450348556 35.593719482 0.016258262 0.998739779 -0.047480777 -5.820060253 -0.450107396 0.049713969 0.891589522 142.598846436
0.892279387 0.006063487 0.451442957 35.942405701 0.015900888 0.998867393 -0.044844318 -5.860864639 -0.451203555 0.047192007 0.891172469 143.294387817
0.891523838 0.005156789 0.452944368 36.292625427 0.016110707 0.998941541 -0.043083448 -5.905641079 -0.452687204 0.045707177 0.890497148 143.987182617
0.890526116 0.006511227 0.454885572 36.641479492 0.014797666 0.998953879 -0.043268301 -5.947565079 -0.454691410 0.045262799 0.889498174 144.690750122
0.889749348 0.007916066 0.456380755 37.001873016 0.013947368 0.998911262 -0.044517875 -5.987933159 -0.456236303 0.045975063 0.888670146 145.392333984
0.889106750 0.011190980 0.457563162 37.358627319 0.011879263 0.998800099 -0.047511432 -6.029126167 -0.457545847 0.047678243 0.887906849 146.088729858
0.888391018 0.011430888 0.458945364 37.714897156 0.012494460 0.998717666 -0.049060736 -6.078290939 -0.458917677 0.049319379 0.887108982 146.793441772
0.887822986 0.011963771 0.460029513 38.087989807 0.011895408 0.998731315 -0.048930783 -6.124153137 -0.460031360 0.048914105 0.886554301 147.517562866
0.887248874 0.011003065 0.461159796 38.457160950 0.011828126 0.998844147 -0.046588711 -6.174773216 -0.461139351 0.046790436 0.886093259 148.222381592
0.886627972 0.011769619 0.462333530 38.821952820 0.010193845 0.998935878 -0.044978887 -6.222013474 -0.462370932 0.044592485 0.885564625 148.951248169
0.886225879 0.012297815 0.463090032 39.199134827 0.010250271 0.998882294 -0.046142496 -6.262964725 -0.463139862 0.045639474 0.885109305 149.667160034
0.886110842 0.015121437 0.463226765 39.574157715 0.008553444 0.998763859 -0.048965313 -6.307379723 -0.463394552 0.047350876 0.884886205 150.394165039
0.886315167 0.015669059 0.462817311 39.945713043 0.008969835 0.998658955 -0.050988048 -6.358172417 -0.462995559 0.049342878 0.884986103 151.126632690
0.886853516 0.016676633 0.461749494 40.327728271 0.007981800 0.998646379 -0.051397447 -6.406197548 -0.461981654 0.049267601 0.885519922 151.849685669
0.887648463 0.016654430 0.460220397 40.702888489 0.007552843 0.998685002 -0.050707884 -6.454679012 -0.460459679 0.048486747 0.886355400 152.581588745
0.888527393 0.016766936 0.458517075 41.064575195 0.006897216 0.998731017 -0.049886968 -6.502716064 -0.458771706 0.047488425 0.887284279 153.304107666
0.889743686 0.015938858 0.456182152 41.440917969 0.006618813 0.998834550 -0.047808390 -6.550404072 -0.456412494 0.045556590 0.888601303 154.031707764
0.891165853 0.016260825 0.453386277 41.803131104 0.005159422 0.998929620 -0.045968134 -6.600673676 -0.453648478 0.043304436 0.890128016 154.757888794
0.892478585 0.016617969 0.450783789 42.156669617 0.003829768 0.999006033 -0.044410300 -6.653016567 -0.451073706 0.041361626 0.891527772 155.481369019
0.894076169 0.015770223 0.447637200 42.514747620 0.004361191 0.999026179 -0.043906316 -6.697134018 -0.447893679 0.041207820 0.893136680 156.210250854
0.895817816 0.015923021 0.444136143 42.879692078 0.003904774 0.999037385 -0.043693043 -6.737384319 -0.444404334 0.040875256 0.894893289 156.937438965
0.897748947 0.016170906 0.440210491 43.228580475 0.003348489 0.999046564 -0.043528251 -6.782608509 -0.440494746 0.040551476 0.896838844 157.662399292
0.900105774 0.014011669 0.435446173 43.576026917 0.005357903 0.999051154 -0.043222450 -6.825535774 -0.435638636 0.041237853 0.899176478 158.385574341
0.902497947 0.012674245 0.430507571 43.918128967 0.006576128 0.999044895 -0.043198038 -6.868482113 -0.430643916 0.041817207 0.901552558 159.106613159
0.904331565 0.012888841 0.426636100 44.256862640 0.006295425 0.999032497 -0.043525439 -6.914343834 -0.426784307 0.042047281 0.903375447 159.836074829
0.906261861 0.014559209 0.422465891 44.588672638 0.004751597 0.998992801 -0.044620726 -6.957185745 -0.422689974 0.042445451 0.905279875 160.571319580
0.908118844 0.015228031 0.418435514 44.919425964 0.004970451 0.998875856 -0.047139112 -7.003090382 -0.418683022 0.044887725 0.907022357 161.299087524
0.909670651 0.016220285 0.415013433 45.255378723 0.004118672 0.998835683 -0.048065994 -7.051692963 -0.415309936 0.045433525 0.908544719 162.029937744
0.911240757 0.017183626 0.411515445 45.585975647 0.003330955 0.998789251 -0.049082287 -7.097042084 -0.411860615 0.046096530 0.910080194 162.772033691
0.912771404 0.019384773 0.408010483 45.910598755 0.000487977 0.998820782 -0.048546139 -7.142727852 -0.408470362 0.044510629 0.911685646 163.522262573
0.914099991 0.017199367 0.405123830 46.240112305 0.001592906 0.998939991 -0.046003722 -7.186245918 -0.405485630 0.042697337 0.913103580 164.272583008
0.915595770 0.015132762 0.401815116 46.566596985 0.002888780 0.999018252 -0.044206556 -7.234874249 -0.402089596 0.041636098 0.914653122 165.023330688
0.917240679 0.017115837 0.397965491 46.885921478 0.000469520 0.999029279 -0.044048753 -7.283881664 -0.398333073 0.040590178 0.916342258 165.782714844
0.918750048 0.017192330 0.394465059 47.212127686 0.000730191 0.998975873 -0.045239955 -7.328419685 -0.394838840 0.041852251 0.917796612 166.544830322
0.920551896 0.016697973 0.390263140 47.528358459 0.001702542 0.998904824 -0.046755549 -7.374716282 -0.390616477 0.043705352 0.919515431 167.303985596
0.922224522 0.016247027 0.386313587 47.845317841 0.001861038 0.998918653 -0.046453841 -7.417883873 -0.386650681 0.043559816 0.921196938 168.071716309
0.924123585 0.017651919 0.381685555 48.149353027 0.000436747 0.998882830 -0.047253054 -7.463356495 -0.382093310 0.043834370 0.923083603 168.841262817
0.925829113 0.020571973 0.377382159 48.449451447 -0.002926836 0.998877823 -0.047270749 -7.510592461 -0.377931118 0.042660106 0.924850345 169.607406616
0.927771688 0.019227449 0.372652590 48.758441925 -0.001441985 0.998848855 -0.047946755 -7.558819771 -0.373145461 0.043946289 0.926731467 170.378570557
0.929471254 0.019191626 0.368395060 49.055267334 -0.001964145 0.998889148 -0.047081761 -7.605655670 -0.368889421 0.043037564 0.928476274 171.160736084
0.931061864 0.020235360 0.364299804 49.355072021 -0.003986214 0.998965442 -0.045300640 -7.655661583 -0.364839494 0.040725533 0.930179298 171.927810669
0.932756186 0.019117378 0.360000521 49.655143738 -0.003552694 0.999031901 -0.043847371 -7.699846268 -0.360490173 0.039619945 0.931921124 172.708023071
0.934563041 0.019725386 0.355250388 49.940757751 -0.004532601 0.999041021 -0.043548081 -7.742244720 -0.355768651 0.039088227 0.933756173 173.491897583
0.935924411 0.017677763 0.351756990 50.234455109 -0.002991149 0.999102533 -0.042251915 -7.792150974 -0.352188259 0.038492437 0.935137331 174.278396606
0.937100589 0.017618451 0.348614484 50.516563416 -0.003009094 0.999096036 -0.042404152 -7.837694645 -0.349046409 0.038687937 0.936306536 175.066802979
0.938435674 0.018906167 0.344936132 50.803031921 -0.004592315 0.999095798 -0.042267192 -7.884225845 -0.345423311 0.038080983 0.937674105 175.858016968
0.939784288 0.018487820 0.341267675 51.086891174 -0.004174509 0.999082386 -0.042628467 -7.933462143 -0.341742605 0.038636938 0.938999057 176.661254883
0.941545904 0.017612889 0.336423934 51.373516083 -0.003435943 0.999082625 -0.042689085 -7.971515656 -0.336867154 0.039037805 0.940742612 177.461242676
0.943255305 0.016538128 0.331656039 51.649547577 -0.002521774 0.999086976 -0.042647649 -8.019893646 -0.332058579 0.039391257 0.942436039 178.263748169
0.944789946 0.016927058 0.327238947 51.919895172 -0.002688548 0.999031663 -0.043914560 -8.064374924 -0.327665389 0.040610235 0.943920791 179.062759399
0.946187437 0.017664935 0.323136568 52.199295044 -0.003307597 0.998984933 -0.044926498 -8.108253479 -0.323602140 0.041440088 0.945285261 179.877853394
0.947580814 0.019236779 0.318936259 52.465232849 -0.005204186 0.998982787 -0.044792093 -8.154938698 -0.319473505 0.040784325 0.946717083 180.687820435
0.948688686 0.019405494 0.315615326 52.725543976 -0.005603664 0.998990178 -0.044578828 -8.204069138 -0.316161662 0.040522836 0.947839439 181.503234863
0.950099647 0.018949507 0.311370224 52.988857269 -0.005681550 0.999038875 -0.043463539 -8.252142906 -0.311894625 0.039525628 0.949294209 182.308212280
0.951332808 0.018262276 0.307623863 53.247726440 -0.005580874 0.999099791 -0.042053193 -8.300325394 -0.308114976 0.038289763 0.950578332 183.114593506
0.952264190 0.017322069 0.304783672 53.501865387 -0.004898109 0.999127209 -0.041480765 -8.348476410 -0.305236280 0.038007773 0.951517880 183.922592163
0.953061163 0.017291393 0.302283466 53.747917175 -0.004864854 0.999113560 -0.041813619 -8.397932053 -0.302738518 0.038380370 0.952300489 184.725463867
0.953501999 0.017514121 0.300877124 53.996280670 -0.004734931 0.999057412 -0.043149989 -8.443743706 -0.301349312 0.039718967 0.952686250 185.532470703
0.953882694 0.017099116 0.299691826 54.247432709 -0.004337349 0.999057174 -0.043196600 -8.488761902 -0.300147951 0.039904624 0.953057647 186.325576782
0.953943968 0.016083710 0.299553305 54.491180420 -0.003278073 0.999060988 -0.043202691 -8.530297279 -0.299966902 0.040230989 0.953100920 187.120407104
0.953647792 0.016082464 0.300495118 54.736095428 -0.003684147 0.999119997 -0.041780815 -8.575174332 -0.300902694 0.038737107 0.952867806 187.916336060
0.953366339 0.014760113 0.301454723 54.985183716 -0.002653760 0.999174833 -0.040529881 -8.622577667 -0.301804215 0.037839834 0.952618718 188.711761475
0.953284144 0.012685499 0.301808566 55.236225128 -0.000949644 0.999238670 -0.039000083 -8.669893265 -0.302073598 0.036891546 0.952570498 189.521347046
0.953408122 0.009549886 0.301532298 55.489955902 0.002282491 0.999241889 -0.038864132 -8.715471268 -0.301674813 0.037741631 0.952663541 190.307693481
0.953271627 0.008573486 0.301992953 55.731281281 0.003500520 0.999216676 -0.039417196 -8.759986877 -0.302094340 0.038632426 0.952494800 191.089538574
0.953297675 0.007564409 0.301937550 55.975364685 0.004796832 0.999181092 -0.040177260 -8.808482170 -0.301994234 0.039749224 0.952480674 191.861419678
0.953345776 0.006875182 0.301802486 56.218078613 0.005742788 0.999146700 -0.040901508 -8.848079681 -0.301826209 0.040726461 0.952492595 192.637756348
0.953329206 0.006103134 0.301871449 56.460010529 0.006380551 0.999165237 -0.040350974 -8.890230179 -0.301865667 0.040393863 0.952494323 193.403366089
0.953518331 0.004600151 0.301299781 56.704833984 0.007399585 0.999224544 -0.038673192 -8.934320450 -0.301244050 0.039105088 0.952744782 194.162658691
0.953510463 0.005235489 0.301314414 56.941383362 0.006587066 0.999248147 -0.038207237 -8.976665497 -0.301287949 0.038415771 0.952759087 194.910339355
0.953152537 0.006094396 0.302428633 57.167827606 0.006047125 0.999213338 -0.039194148 -9.019498825 -0.302429616 0.039186820 0.952365816 195.658065796
0.953120291 0.007992441 0.302486300 57.396560669 0.004941866 0.999106705 -0.041970480 -9.060859680 -0.302551478 0.041497756 0.952229261 196.392364502
0.952981353 0.008695038 0.302904427 57.626544952 0.005088671 0.998988211 -0.044686206 -9.107999802 -0.302986413 0.044126496 0.951972663 197.121292114
0.952669561 0.007222666 0.303921789 57.858741760 0.007337684 0.998880088 -0.046738893 -9.151295662 -0.303919017 0.046756804 0.951549768 197.859329224
0.952372789 0.006593867 0.304864585 58.087585449 0.007890674 0.998898506 -0.046254858 -9.195671082 -0.304833770 0.046457462 0.951271772 198.579849243
0.952030361 0.007562225 0.305910051 58.316207886 0.006653160 0.998946667 -0.045399863 -9.241567612 -0.305931151 0.045257311 0.950977325 199.291381836
0.951493263 0.005641280 0.307617813 58.543788910 0.008274459 0.999000967 -0.043914028 -9.286929131 -0.307558268 0.044329267 0.950496256 200.008407593
0.950864732 0.007107059 0.309525162 58.768016815 0.006692110 0.999031186 -0.043497145 -9.326250076 -0.309534431 0.043431282 0.949895918 200.704116821
0.950123668 0.007070930 0.311793208 58.992797852 0.006710144 0.999047995 -0.043104421 -9.370579720 -0.311801195 0.043046705 0.949171722 201.398239136
0.949363291 0.008127447 0.314075351 59.208690643 0.005704812 0.999054611 -0.043096982 -9.412982941 -0.314128667 0.042706437 0.948419452 202.072723389
0.948552787 0.007559148 0.316528827 59.432941437 0.005954615 0.999112308 -0.041704584 -9.447577477 -0.316563129 0.041443806 0.947665691 202.749114990
