1.000000000 -0.000000000 -0.000000000 -0.000000000 -0.000000000 1.000000000 0.000000000 0.000000000 -0.000000000 0.000000000 1.000000000 0.000000000
0.999999881 0.000474133 -0.000248608 -0.002286029 -0.000474104 0.999999881 0.000116552 0.001091766 0.000248663 -0.000116434 0.999999940 0.622237444
0.999999166 0.001287257 0.000069093 -0.009564827 -0.001287312 0.999998868 0.000800273 0.001779974 -0.000068062 -0.000800361 0.999999702 1.258058071
0.999997854 0.002129045 0.000028993 -0.014919459 -0.002129108 0.999994874 0.002402043 0.001550002 -0.000023879 -0.002402099 0.999997079 1.919163346
0.999995530 0.002998216 0.000108944 -0.022526447 -0.002998686 0.999984801 0.004614963 0.000541900 -0.000095106 -0.004615269 0.999989331 2.591940165
0.999995112 0.003102795 0.000193041 -0.024652980 -0.003103875 0.999977887 0.005871099 -0.000085965 -0.000174820 -0.005871669 0.999982715 3.277556658
0.999998152 0.001842297 0.000387238 -0.028831391 -0.001845083 0.999971509 0.007322264 -0.000320183 -0.000373737 -0.007322966 0.999973059 3.982333899
0.999999642 0.000999542 0.000149653 -0.027035508 -0.001000648 0.999970734 0.007581077 0.003421642 -0.000142071 -0.007581221 0.999971211 4.702304840
0.999999642 -0.000473930 0.000670323 -0.030041270 0.000468050 0.999961615 0.008744801 0.006494299 -0.000674442 -0.008744483 0.999961555 5.434226990
0.999999523 -0.000653200 0.000570539 -0.028569300 0.000647535 0.999951065 0.009874309 0.008426595 -0.000576961 -0.009873939 0.999951065 6.182084084
0.999998748 -0.001481187 0.000557965 -0.029775023 0.001476126 0.999958694 0.008964422 0.014178496 -0.000571220 -0.008963587 0.999959707 6.957243443
0.999999642 0.000698362 0.000509659 -0.037274446 -0.000701210 0.999984026 0.005610896 0.015855903 -0.000505732 -0.005611251 0.999984145 7.737335682
0.999998808 0.001367768 0.000705346 -0.041676469 -0.001368409 0.999998629 0.000910526 0.016642880 -0.000704100 -0.000911490 0.999999344 8.526879311
0.999983251 0.005750115 0.000552199 -0.050188024 -0.005749969 0.999983430 -0.000264108 0.017322036 -0.000553708 0.000260928 0.999999821 9.339829445
0.999961436 0.008696927 0.001209039 -0.060168169 -0.008698884 0.999960840 0.001623043 0.015988044 -0.001194876 -0.001633498 0.999997914 10.168569565
0.999912500 0.013158836 0.001301686 -0.064766005 -0.013166249 0.999896109 0.005859364 0.010231569 -0.001224448 -0.005875991 0.999982059 11.005022049
0.999849916 0.017186947 0.002176253 -0.086657949 -0.017201044 0.999829948 0.006634048 0.012827270 -0.002061864 -0.006670485 0.999975622 11.863020897
0.999835789 0.017985366 0.002171832 -0.089676782 -0.018000634 0.999811828 0.007229379 0.017980911 -0.002041400 -0.007267287 0.999971509 12.722737312
0.999802053 0.019795930 0.001967263 -0.085092552 -0.019807391 0.999785841 0.005987259 0.014512263 -0.001848318 -0.006025040 0.999980211 13.587767601
0.999771714 0.021276454 0.001957629 -0.086867332 -0.021286272 0.999760151 0.005138062 0.013913166 -0.001847840 -0.005178560 0.999984860 14.462869644
0.999795794 0.020090370 0.002205238 -0.090214811 -0.020101165 0.999785542 0.004987160 0.013838097 -0.002104572 -0.005030469 0.999985099 15.347724915
0.999773741 0.021223303 0.001426825 -0.084077716 -0.021231715 0.999755621 0.006162685 0.014281504 -0.001295683 -0.006191585 0.999979913 16.244888306
0.999732137 0.023006616 0.002501190 -0.099357456 -0.023021465 0.999716401 0.006080345 0.008711070 -0.002360593 -0.006136297 0.999978304 17.132177353
0.999767184 0.021441318 0.002428795 -0.100521997 -0.021449994 0.999763429 0.003604133 0.006895561 -0.002350943 -0.003655391 0.999990523 18.028367996
0.999753952 0.022084586 0.002088752 -0.099856451 -0.022087697 0.999754965 0.001480614 0.005061204 -0.002055541 -0.001526386 0.999996722 18.937046051
0.999694467 0.024622926 0.002145954 -0.103330389 -0.024627551 0.999694347 0.002157078 -0.000962924 -0.002092184 -0.002209269 0.999995351 19.850008011
0.999698758 0.024410937 0.002537183 -0.110325709 -0.024421426 0.999692976 0.004187592 -0.004181124 -0.002434181 -0.004248292 0.999987960 20.771968842
0.999656439 0.026072539 0.002695101 -0.118369460 -0.026087251 0.999644160 0.005576299 -0.008013539 -0.002548754 -0.005644690 0.999980748 21.708391190
0.999644399 0.026510084 0.002870922 -0.114817165 -0.026531631 0.999617875 0.007747624 -0.012131512 -0.002664436 -0.007821038 0.999965847 22.613388062
0.999654770 0.026141910 0.002628644 -0.115715384 -0.026164299 0.999618173 0.008877893 -0.016576484 -0.002395555 -0.008943605 0.999957204 23.535377502
0.999690473 0.024721297 0.002793521 -0.112922400 -0.024749313 0.999638677 0.010481825 -0.018095672 -0.002533387 -0.010547718 0.999941170 24.466403961
0.999728382 0.023155103 0.002610564 -0.109886982 -0.023182334 0.999671400 0.010935159 -0.015758842 -0.002356501 -0.010992710 0.999936819 25.394296646
0.999729097 0.023133513 0.002569305 -0.112984858 -0.023156945 0.999686658 0.009498765 -0.016228616 -0.002348761 -0.009555688 0.999951541 26.324787140
0.999745131 0.022445116 0.002413046 -0.112796754 -0.022458112 0.999732673 0.005499317 -0.021628678 -0.002288968 -0.005552108 0.999981880 27.252994537
0.999805450 0.019587168 0.002339691 -0.113021843 -0.019594191 0.999803483 0.003018658 -0.025169231 -0.002280104 -0.003063915 0.999992728 28.171144485
0.999846041 0.017391508 0.002287470 -0.108915031 -0.017401885 0.999837875 0.004598806 -0.028022766 -0.002207119 -0.004637906 0.999986827 29.093761444
0.999909401 0.013262132 0.002270686 -0.105951302 -0.013287641 0.999844193 0.011611868 -0.031064838 -0.002116334 -0.011640990 0.999930084 30.026834488
0.999971032 0.007554463 0.000924122 -0.099511430 -0.007569061 0.999827325 0.016969645 -0.031817615 -0.000795766 -0.016976150 0.999855578 30.961620331
0.999998331 0.000894090 -0.001594709 -0.095422156 -0.000865416 0.999839485 0.017892262 -0.029514492 0.001610450 -0.017890850 0.999838769 31.891483307
0.999983549 -0.002297921 -0.005259369 -0.096387193 0.002382089 0.999868155 0.016053468 -0.028733194 0.005221786 -0.016065734 0.999857247 32.818920135
0.999938190 -0.005543316 -0.009636010 -0.106294394 0.005691858 0.999864280 0.015456728 -0.019442856 0.009549022 -0.015510619 0.999834120 33.746402740
0.999845982 -0.006367598 -0.016355574 -0.119412929 0.006636604 0.999842763 0.016446020 -0.015546918 0.016248282 -0.016552035 0.999730885 34.668209076
0.999704599 -0.005289603 -0.023723828 -0.154755473 0.005749479 0.999796152 0.019358426 -0.008141339 0.023616590 -0.019489108 0.999531150 35.590255737
0.999447882 -0.005420190 -0.032780886 -0.184602380 0.006175897 0.999716461 0.022996133 -0.000945866 0.032646954 -0.023185890 0.999197960 36.526184082
0.999026716 -0.005029472 -0.043821916 -0.233655810 0.006147661 0.999657989 0.025419423 0.010802388 0.043679077 -0.025664082 0.998715937 37.450016022
0.998407364 -0.005122015 -0.056182250 -0.285465002 0.006679877 0.999597371 0.027576070 0.016928911 0.056018386 -0.027907444 0.998039663 38.375606537
0.997499526 -0.004372318 -0.070536986 -0.361151934 0.006437866 0.999556243 0.029082507 0.031694531 0.070378527 -0.029463897 0.997085154 39.295722961
0.996343017 -0.004403832 -0.085329846 -0.443684816 0.007038058 0.999507070 0.030594908 0.047406554 0.085153043 -0.031083576 0.995882869 40.233665466
0.994857073 -0.003733958 -0.101220399 -0.549004555 0.006795642 0.999529243 0.029919777 0.059749126 0.101061001 -0.030453760 0.994413972 41.143852234
0.993029714 -0.003416563 -0.117815480 -0.659815788 0.006844786 0.999564528 0.028705897 0.079951167 0.117666110 -0.029312231 0.992620409 42.091178894
0.990890920 -0.003079288 -0.134631142 -0.790713787 0.007083821 0.999546409 0.029275576 0.095860481 0.134479880 -0.029962612 0.990463257 43.015625000
0.988414347 -0.003484336 -0.151739419 -0.931265354 0.008403268 0.999459326 0.031787783 0.107456088 0.151546627 -0.032694608 0.987909317 43.940654755
0.985714972 -0.005280306 -0.168339342 -1.098212719 0.010969871 0.999399066 0.032886147 0.127516270 0.168064520 -0.034263026 0.985180318 44.867443085
0.982707858 -0.006685344 -0.185042128 -1.269285202 0.013056130 0.999362409 0.033231784 0.147079110 0.184701994 -0.035073061 0.982168496 45.783962250
0.979366422 -0.007337328 -0.201959521 -1.464338779 0.014430711 0.999328732 0.033672836 0.172356009 0.201576859 -0.035892468 0.978814781 46.700290680
0.975820541 -0.007992469 -0.218427092 -1.667069435 0.016124403 0.999240696 0.035472356 0.191805363 0.217977703 -0.038136665 0.975208402 47.614078522
0.971890092 -0.007029125 -0.235329852 -1.894454002 0.015994569 0.999216199 0.036210228 0.206920624 0.234890863 -0.038956363 0.971240819 48.520484924
0.967542112 -0.007774855 -0.252590328 -2.138065338 0.017493809 0.999189496 0.036254115 0.228724718 0.252103746 -0.039496150 0.966893911 49.443042755
0.962905705 -0.008546091 -0.269702703 -2.388574600 0.019140465 0.999143779 0.036676262 0.249421120 0.269158393 -0.040478021 0.962244868 50.336753845
0.957915425 -0.007045698 -0.286964178 -2.665210724 0.018903799 0.999076962 0.038572926 0.271926045 0.286427528 -0.042374309 0.957164466 51.231788635
0.952455461 -0.005912949 -0.304620504 -2.949637413 0.018361282 0.999108374 0.038016569 0.291158795 0.304124087 -0.041802317 0.951714814 52.123382568
0.947162271 -0.005441275 -0.320708662 -3.261910439 0.017557571 0.999236584 0.034900047 0.315599203 0.320273966 -0.038686872 0.946534753 52.991199493
0.941396058 -0.005231903 -0.337262720 -3.583810806 0.017184000 0.999325216 0.032463059 0.335963488 0.336865246 -0.036356118 0.940850735 53.864898682
0.935572922 -0.002357631 -0.353125632 -3.926137924 0.015168975 0.999323070 0.033516835 0.359910369 0.352807492 -0.036714002 0.934975326 54.737216949
0.929715574 0.001031091 -0.368276894 -4.266025543 0.013023257 0.999278605 0.035674993 0.375869036 0.368047982 -0.037963755 0.929031432 55.576843262
0.923561871 0.003039531 -0.383437276 -4.628416061 0.012142088 0.999235272 0.037166908 0.394935489 0.383257002 -0.038981665 0.922818720 56.435337067
0.917507589 0.003954701 -0.397698462 -5.010149002 0.011840475 0.999235690 0.037252866 0.418992996 0.397541821 -0.038888726 0.916759610 57.284294128
0.911484241 0.006285651 -0.411286831 -5.386499405 0.009554204 0.999289930 0.036445837 0.441963434 0.411223918 -0.037149329 0.910776973 58.102043152
0.905541480 0.009511249 -0.424151093 -5.784658432 0.007065716 0.999271929 0.037492819 0.466524124 0.424198866 -0.036948238 0.904815018 58.911315918
0.899950504 0.011592409 -0.435838014 -6.190477371 0.006422763 0.999185443 0.039838497 0.489812493 0.435944915 -0.038651954 0.899142981 59.731704712
0.894823730 0.016382935 -0.446118891 -6.608636856 0.002476177 0.999128878 0.041657958 0.519817948 0.446412742 -0.038381208 0.894003689 60.556545258
0.890254438 0.022103935 -0.454926968 -7.033361435 -0.003477393 0.999122500 0.041740272 0.542622328 0.455450356 -0.035577502 0.889550090 61.347499847
0.886285365 0.023177026 -0.462559164 -7.453508377 -0.005611865 0.999211073 0.039313953 0.563856959 0.463105470 -0.032247562 0.885716319 62.118167877
0.882889092 0.026117982 -0.468854517 -7.873594284 -0.009126600 0.999217808 0.038476281 0.581929922 0.469492704 -0.029691247 0.882436991 62.888519287
0.879912794 0.029878078 -0.474194765 -8.300409317 -0.012655505 0.999140561 0.039470404 0.609488726 0.474966556 -0.028729338 0.879534781 63.668422699
0.877300858 0.033662189 -0.478758633 -8.725875854 -0.014972655 0.998971462 0.042802427 0.628821373 0.479707062 -0.030382324 0.876902580 64.426559448
0.874938726 0.035760179 -0.482911140 -9.146612167 -0.016402785 0.998885930 0.044250164 0.653637409 0.483955503 -0.030795099 0.874550581 65.162780762
0.872331798 0.036921650 -0.487518191 -9.553813934 -0.017787933 0.998881102 0.043820627 0.669906855 0.488590598 -0.029554188 0.872012556 65.883224487
0.869904041 0.035858795 -0.491915643 -9.968255997 -0.017953387 0.998994887 0.041074168 0.695038915 0.492894024 -0.026899032 0.869673491 66.611785889
0.867408276 0.034825157 -0.496376872 -10.373428345 -0.018164946 0.999099076 0.038352638 0.720081210 0.497265399 -0.024250731 0.867259562 67.310226440
0.865071654 0.035874546 -0.500363886 -10.787672043 -0.019855062 0.999106586 0.037305743 0.736192703 0.501255214 -0.022337381 0.865011156 68.010726929
0.862788737 0.036496870 -0.504245341 -11.200754166 -0.020186216 0.999082386 0.037773170 0.756388903 0.505161226 -0.022411460 0.862733960 68.705535889
0.860808253 0.035207354 -0.507709980 -11.602571487 -0.018310606 0.999100804 0.038237918 0.776758671 0.508599818 -0.023619037 0.860678971 69.372894287
0.858741879 0.036252897 -0.511124313 -12.016433716 -0.019745970 0.999094486 0.037688233 0.793865681 0.512027681 -0.022271819 0.858680129 70.047409058
0.856559277 0.036217179 -0.514775991 -12.421701431 -0.019801108 0.999106288 0.037344359 0.809782505 0.515668392 -0.021794528 0.856510997 70.720916748
0.854692340 0.035241313 -0.517937183 -12.832864761 -0.018244658 0.999116004 0.037874453 0.830115438 0.518813968 -0.022921419 0.854579687 71.388900757
0.852904260 0.035717003 -0.520844042 -13.243339539 -0.019292878 0.999131858 0.036922783 0.854884863 0.521710694 -0.021443019 0.852852941 72.044425964
0.851942956 0.039445017 -0.522146881 -13.659564972 -0.022034539 0.998975992 0.039514650 0.872520208 0.523170888 -0.022158956 0.851939678 72.701095581
0.850858390 0.041127291 -0.523782909 -14.068651199 -0.019982455 0.998743296 0.045960587 0.898098230 0.525014997 -0.028639484 0.850610971 73.354843140
0.849993646 0.040989250 -0.525195837 -14.473413467 -0.015596378 0.998489261 0.052686069 0.920805931 0.526562095 -0.036591668 0.849348783 74.009140015
0.849034131 0.041307751 -0.526720703 -14.868661880 -0.015506639 0.998457670 0.053307902 0.941159248 0.528110325 -0.037092563 0.848365188 74.650848389
0.847906530 0.038929615 -0.528714240 -15.276262283 -0.017531013 0.998813748 0.045428626 0.962843657 0.529855728 -0.029250331 0.847583354 75.288650513
0.847157001 0.033014692 -0.530315816 -15.673513412 -0.017113522 0.999245286 0.034869649 0.993891954 0.531066835 -0.020464495 0.847082794 75.917243958
0.846787214 0.028848294 -0.531148732 -16.065979004 -0.015331088 0.999437153 0.029840756 1.014041305 0.531710744 -0.017125688 0.846752942 76.544937134
0.846860468 0.028158460 -0.531068861 -16.466228485 -0.014705069 0.999455214 0.029544137 1.022608280 0.531611502 -0.017210357 0.846813440 77.181076050
0.846798062 0.030142374 -0.531059444 -16.866081238 -0.017409014 0.999428749 0.028967058 1.037407160 0.531629264 -0.015284030 0.846839309 77.809402466
0.847324193 0.029806074 -0.530238867 -17.261920929 -0.017485600 0.999448359 0.028239455 1.049169898 0.530787885 -0.014656429 0.847377956 78.433341980
0.847817183 0.030615013 -0.529403925 -17.655887604 -0.016910117 0.999385357 0.030712830 1.062640190 0.530018687 -0.017086584 0.847813845 79.064437866
0.848507106 0.032767113 -0.528168559 -18.047851562 -0.016464200 0.999232531 0.035541654 1.079748750 0.528927803 -0.021461476 0.848395467 79.678810120
0.848845065 0.034837216 -0.527492583 -18.434202194 -0.016106719 0.999067366 0.040062387 1.098146439 0.528396189 -0.025510587 0.848614573 80.304931641
0.848870337 0.036954019 -0.527307808 -18.827560425 -0.018041870 0.998997509 0.040966146 1.113439560 0.528293014 -0.025261331 0.848686159 80.925926208
0.848385215 0.036359254 -0.528129339 -19.226942062 -0.019450717 0.999105871 0.037538242 1.132462978 0.529021919 -0.021574397 0.848333836 81.552627563
0.847662866 0.033126105 -0.529500067 -19.614835739 -0.018774899 0.999296665 0.032460846 1.152706623 0.530202925 -0.017574547 0.847688615 82.175926208
0.846904814 0.029983755 -0.530898511 -20.024326324 -0.018568965 0.999467611 0.026825557 1.172100902 0.531420112 -0.012860458 0.847010791 82.818191528
0.846034050 0.030528728 -0.532254100 -20.443922043 -0.020554340 0.999484599 0.024656128 1.190161705 0.532732487 -0.009919791 0.846225560 83.463653564
0.844821632 0.035479497 -0.533870339 -20.883558273 -0.024989611 0.999326527 0.026867643 1.212977409 0.534464180 -0.009357154 0.845139444 84.132354736
0.843119979 0.042322271 -0.536057413 -21.319972992 -0.029586429 0.999038815 0.032341111 1.231991887 0.536910951 -0.011407417 0.843561769 84.808944702
0.841709852 0.045841880 -0.537980437 -21.765909195 -0.030712629 0.998841047 0.037060142 1.250680447 0.539055765 -0.014671095 0.842142224 85.492263794
0.840544045 0.046503261 -0.539743662 -22.220819473 -0.031650331 0.998822570 0.036767475 1.277703285 0.540817916 -0.013821615 0.841026127 86.177162170
0.839355528 0.046084832 -0.541625857 -22.681739807 -0.032807168 0.998878181 0.034149528 1.294940948 0.542591989 -0.010894385 0.839925706 86.867660522
0.837917209 0.045839325 -0.543869019 -23.142127991 -0.034617428 0.998924017 0.030859403 1.322820067 0.544698477 -0.007030276 0.838602543 87.570602417
0.836133838 0.046259586 -0.546571374 -23.615695953 -0.036359783 0.998920143 0.028922094 1.348131657 0.547319055 -0.004309529 0.836912930 88.283027649
0.834875464 0.043418113 -0.548723757 -24.098901749 -0.033344507 0.999042690 0.028316669 1.367388487 0.549427927 -0.005343969 0.835524023 89.007392883
0.833208203 0.040060710 -0.551506341 -24.575513840 -0.029750193 0.999175310 0.027632637 1.378305912 0.552158535 -0.006616319 0.833712876 89.724212646
0.831423640 0.036519393 -0.554437518 -25.070917130 -0.026923928 0.999313653 0.025447635 1.400457859 0.554986298 -0.006230128 0.831836045 90.469650269
0.829670370 0.033263836 -0.557261825 -25.572614670 -0.024927797 0.999435067 0.022544494 1.417635918 0.557696819 -0.004813189 0.830030799 91.208290100
0.827317238 0.032408115 -0.560799360 -26.085266113 -0.024820255 0.999468386 0.021142423 1.431128740 0.561186433 -0.003572307 0.827681780 91.957931519
0.825021625 0.032402478 -0.564171433 -26.602445602 -0.025439549 0.999472141 0.020201672 1.442686200 0.564528227 -0.002314548 0.825410545 92.702384949
0.822754681 0.032147538 -0.567486882 -27.122041702 -0.024870586 0.999479175 0.020561567 1.453803301 0.567852259 -0.002803398 0.823125780 93.450286865
0.820566356 0.034267738 -0.570523024 -27.662820816 -0.026987636 0.999410689 0.021212820 1.467316151 0.570913613 -0.002009461 0.821007729 94.217834473
0.819139421 0.035491422 -0.572495341 -28.200902939 -0.028474571 0.999369383 0.021213090 1.482738495 0.572887242 -0.001074919 0.819633484 94.984527588
0.818684578 0.035909500 -0.573119581 -28.754934311 -0.030197376 0.999354124 0.019479670 1.491990566 0.573449016 0.001359007 0.819240093 95.761322021
0.818799496 0.035854056 -0.572958887 -29.312158585 -0.032344107 0.999343693 0.016313892 1.505416512 0.573167682 0.005174035 0.819421768 96.541061401
0.818960845 0.038007133 -0.572589338 -29.867229462 -0.035567977 0.999247730 0.015455675 1.512405992 0.572746038 0.007708250 0.819696605 97.326377869
0.819541752 0.038648333 -0.571714520 -30.429651260 -0.034779038 0.999238312 0.017694186 1.522231579 0.571963072 0.005382554 0.820261657 98.127487183
0.820517898 0.039591841 -0.570248008 -31.005336761 -0.035185687 0.999204993 0.018746022 1.528111458 0.570536852 0.004683116 0.821258605 98.934097290
0.821370125 0.037061170 -0.569190264 -31.566455841 -0.033753168 0.999296367 0.016358750 1.545479059 0.569396079 0.005775386 0.822042882 99.752052307
0.822385073 0.033235513 -0.567959785 -32.132804871 -0.031316262 0.999423206 0.013138802 1.553516865 0.568068862 0.006981222 0.822951496 100.563522339
0.822868586 0.030801583 -0.567396402 -32.708206177 -0.029584285 0.999497831 0.011353845 1.561846972 0.567461073 0.007443294 0.823366582 101.395881653
0.823478520 0.026837206 -0.566712379 -33.267818451 -0.026744362 0.999606371 0.008475618 1.558271885 0.566716731 0.008176871 0.823872089 102.213294983
0.824388802 0.020981668 -0.565634906 -33.843311310 -0.022810528 0.999732435 0.003838704 1.558750153 0.565564096 0.009737851 0.824646890 103.038726807
0.824790657 0.023455059 -0.564951420 -34.411430359 -0.026543640 0.999643922 0.002750244 1.557498693 0.564814746 0.012727493 0.825119555 103.860229492
0.825471699 0.028752048 -0.563710809 -34.991477966 -0.028692640 0.999548137 0.008965757 1.549564362 0.563713789 0.008773374 0.825923562 104.698799133
0.825814247 0.039467081 -0.562559545 -35.578186035 -0.032704320 0.999221027 0.022093020 1.556704760 0.562993050 0.000153393 0.826461613 105.539924622
0.827072144 0.046778090 -0.560146034 -36.160766602 -0.035290722 0.998886526 0.031309754 1.566066504 0.560986817 -0.006127467 0.827802062 106.368949890
0.827624559 0.052591145 -0.558812618 -36.732433319 -0.039817303 0.998593450 0.035008863 1.588599920 0.559867680 -0.006723791 0.828554749 107.205245972
0.828432560 0.052996997 -0.557575822 -37.309734344 -0.041473027 0.998584688 0.033294827 1.610897064 0.558551192 -0.004458164 0.829458117 108.043594360
0.829332888 0.044716354 -0.556962609 -37.871452332 -0.033025175 0.998972714 0.031028226 1.634192228 0.557777822 -0.007338946 0.829957902 108.894119263
0.829211950 0.041351929 -0.557402432 -38.444786072 -0.032022443 0.999136150 0.026485017 1.657134652 0.558016181 -0.004112305 0.829819918 109.756904602
0.829772234 0.038133677 -0.556797862 -39.015090942 -0.032394532 0.999271750 0.020161388 1.668187857 0.557161272 0.001307846 0.830403268 110.602256775
0.830796421 0.035169173 -0.555464029 -39.594123840 -0.033078641 0.999357462 0.013799198 1.679824114 0.555592358 0.006909671 0.831426084 111.455902100
0.831325173 0.039641809 -0.554370701 -40.169281006 -0.038115487 0.999171197 0.014291127 1.686941385 0.554477751 0.009249536 0.832147241 112.298370361
0.831788778 0.045990653 -0.553183854 -40.749359131 -0.042401418 0.998914421 0.019291421 1.694062948 0.553470433 0.007409389 0.832835972 113.148117065
0.832975149 0.046822235 -0.551325619 -41.350761414 -0.036908492 0.998895764 0.029069349 1.709869504 0.552077830 -0.003865452 0.833783567 114.036659241
0.833350360 0.049820025 -0.550495327 -41.923973083 -0.034236446 0.998669863 0.038552195 1.734618664 0.551683784 -0.013280483 0.833947599 114.906959534
0.833743870 0.048340198 -0.550031245 -42.509422302 -0.030564845 0.998673439 0.041439127 1.758058548 0.551304758 -0.017737996 0.834115386 115.778739929
0.833541393 0.043571524 -0.550736189 -43.064208984 -0.027527481 0.998922408 0.037366852 1.784544945 0.551770806 -0.015986437 0.833842516 116.636978149
0.833630979 0.036257535 -0.551130295 -43.612770081 -0.023347748 0.999264419 0.030423755 1.805590868 0.551827848 -0.012494534 0.833864391 117.495567322
0.833087564 0.036322862 -0.551947176 -44.191070557 -0.027499489 0.999327421 0.024257660 1.828699827 0.552457035 -0.005030487 0.833526134 118.347351074
0.833215833 0.035621595 -0.551799417 -44.773857117 -0.029302493 0.999365270 0.020267647 1.840473652 0.552170932 -0.000718228 0.833730519 119.212760925
0.833059013 0.036250196 -0.551995277 -45.352405548 -0.031982195 0.999337792 0.017360900 1.854877710 0.552258968 0.003191367 0.833666503 120.063812256
0.832811058 0.038997065 -0.552182019 -45.916450500 -0.033585317 0.999237418 0.019915719 1.862794876 0.552537560 0.001959174 0.833485663 120.911582947
0.833035946 0.041741259 -0.551642001 -46.498664856 -0.031797528 0.999113619 0.027582699 1.884912729 0.552304387 -0.005436525 0.833624780 121.777893066
0.832873642 0.044894245 -0.551639318 -47.071125031 -0.031360053 0.998931468 0.033948459 1.889983177 0.552573919 -0.010975340 0.833391547 122.634185791
0.832726955 0.043877974 -0.551942706 -47.655326843 -0.028462429 0.998929322 0.036470402 1.915623426 0.552951813 -0.014660257 0.833084106 123.517768860
0.832434177 0.041568492 -0.552562594 -48.234626770 -0.027556378 0.999053955 0.033643775 1.940464497 0.553438246 -0.012779607 0.832791984 124.377395630
0.832247138 0.037328459 -0.553146660 -48.812187195 -0.024250016 0.999226928 0.030945836 1.961578608 0.553874195 -0.012340771 0.832508862 125.241989136
0.831759512 0.035222791 -0.554017603 -49.384925842 -0.022732813 0.999309123 0.029403800 1.979495049 0.554670453 -0.011862512 0.831985533 126.097198486
0.831130266 0.037825946 -0.554789782 -49.964241028 -0.023607841 0.999184489 0.032758188 2.002819300 0.555576503 -0.014128935 0.831345320 126.960395813
0.830606937 0.039793525 -0.555435598 -50.541961670 -0.022971928 0.999042928 0.037222665 2.021700144 0.556385159 -0.018157981 0.830726087 127.826019287
0.829949498 0.041842908 -0.556267262 -51.127990723 -0.025425129 0.998983860 0.037210211 2.047984600 0.557258964 -0.016739428 0.830170035 128.683395386
0.829620242 0.043441117 -0.556635380 -51.721874237 -0.030761423 0.999010682 0.032117669 2.078030586 0.557480037 -0.009522572 0.830135643 129.525726318
0.829276502 0.043163877 -0.557168841 -52.303321838 -0.032569177 0.999050975 0.028921308 2.098325968 0.557888567 -0.005837233 0.829895318 130.376403809
0.829047918 0.044613082 -0.557395101 -52.884204865 -0.033224918 0.998981178 0.030539529 2.113917828 0.558189571 -0.006799324 0.829685688 131.233184814
0.828939319 0.046578534 -0.557395756 -53.471435547 -0.033167135 0.998866320 0.034144834 2.133258820 0.558354318 -0.009816772 0.829544604 132.080810547
0.828220069 0.045707118 -0.558535814 -54.026458740 -0.032552831 0.998909354 0.033473868 2.153905392 0.559456646 -0.009541805 0.828804731 132.921539307
0.828461051 0.041133333 -0.558534026 -54.598571777 -0.027831998 0.999090791 0.032295622 2.179758549 0.559354603 -0.011210540 0.828852773 133.768859863
0.828106940 0.041452885 -0.559035361 -55.177894592 -0.027651083 0.999068737 0.033121757 2.202403069 0.559887767 -0.011970422 0.828481972 134.612609863
0.827926695 0.043205205 -0.559169650 -55.758514404 -0.029236313 0.998997569 0.033900931 2.223629475 0.560073853 -0.011719427 0.828359783 135.458496094
0.827322364 0.043713871 -0.560023963 -56.328750610 -0.030421466 0.998991072 0.033036821 2.239286423 0.560903132 -0.010295349 0.827817440 136.285598755
0.826717257 0.044028848 -0.560892165 -56.896331787 -0.030829035 0.998980582 0.032977927 2.260248661 0.561772406 -0.009971650 0.827231705 137.119293213
0.826526523 0.047694162 -0.560873508 -57.469131470 -0.032564849 0.998786628 0.036943417 2.285143852 0.561955035 -0.012269950 0.827076793 137.947204590
0.826384068 0.050122309 -0.560871601 -58.035011292 -0.034461178 0.998665273 0.038470916 2.305580139 0.562051356 -0.012463451 0.827008367 138.768600464
0.826128542 0.048651975 -0.561377347 -58.598808289 -0.034391414 0.998761773 0.035947308 2.329267502 0.562431157 -0.010390534 0.826778889 139.588638306
0.825757682 0.047408257 -0.562029004 -59.156967163 -0.035462286 0.998853683 0.032152537 2.352607012 0.562909067 -0.006619372 0.826492310 140.397109985
0.825619102 0.047849901 -0.562195420 -59.719680786 -0.035560489 0.998829424 0.032790165 2.370203495 0.563106239 -0.007080246 0.826354086 141.210021973
0.825268090 0.053244770 -0.562225640 -60.285301208 -0.039919533 0.998555243 0.035970483 2.389280796 0.563328624 -0.007241512 0.826201260 142.013687134
0.825176895 0.054162364 -0.562271893 -60.838699341 -0.040405076 0.998502314 0.036885913 2.407267332 0.563427627 -0.007718761 0.826129377 142.827392578
0.824998736 0.050842978 -0.562842786 -61.393318176 -0.038869396 0.998691380 0.033240594 2.436018467 0.563796222 -0.005546086 0.825895190 143.633666992
0.824906290 0.047487203 -0.563271224 -61.940788269 -0.036992807 0.998864055 0.030034659 2.453572035 0.564057589 -0.003938796 0.825726032 144.428451538
0.824963927 0.045097433 -0.563383281 -62.487331390 -0.035214089 0.998976111 0.028401451 2.472348928 0.564087272 -0.003591141 0.825707376 145.218475342
0.824740291 0.042929802 -0.563879788 -63.007461548 -0.031287648 0.999051094 0.030298801 2.484610319 0.564645469 -0.007346173 0.825300872 146.007873535
0.824782848 0.041743472 -0.563906670 -63.538288116 -0.028601127 0.999074578 0.032124329 2.494254112 0.564725816 -0.010367231 0.825213432 146.778579712
0.824959993 0.040494956 -0.563738644 -64.069000244 -0.026386490 0.999101818 0.033155069 2.511618614 0.564575016 -0.012476518 0.825287461 147.547103882
0.825645566 0.039492663 -0.562805355 -64.588607788 -0.023534125 0.999089718 0.035582229 2.534876347 0.563698113 -0.016133174 0.825823426 148.330062866
0.825921357 0.040476009 -0.562330663 -65.108062744 -0.023872469 0.999035776 0.036847014 2.554710627 0.563279808 -0.017008509 0.826091111 149.082031250
0.826326370 0.038205244 -0.561894298 -65.622604370 -0.023058517 0.999154985 0.034026150 2.569860458 0.562719285 -0.015160253 0.826508999 149.833206177
0.826832652 0.034843531 -0.561367869 -66.118942261 -0.021681366 0.999311984 0.030092023 2.578622341 0.562030017 -0.012709841 0.827019095 150.568908691
0.828072608 0.036113746 -0.559456587 -66.629714966 -0.023598434 0.999283969 0.029576330 2.602462530 0.560124099 -0.011289046 0.828331828 151.303588867
0.829449773 0.041126113 -0.557065308 -67.137283325 -0.026952976 0.999071062 0.033625804 2.621103048 0.557930768 -0.012876352 0.829787672 152.043838501
0.831402183 0.042910479 -0.554011822 -67.613998413 -0.027644046 0.998973370 0.035889309 2.623939514 0.554983020 -0.014523317 0.831734836 152.759323120
0.834025979 0.042389490 -0.550094306 -68.091728210 -0.028656607 0.999026656 0.033535834 2.645057917 0.550980389 -0.012205919 0.834428847 153.467636108
0.837426364 0.041975047 -0.544936001 -68.572807312 -0.028457817 0.999042928 0.033221420 2.672262430 0.545808733 -0.012312803 0.837819338 154.186325073
0.840866923 0.044707850 -0.539392292 -69.013565063 -0.028619872 0.998861134 0.038175240 2.681769848 0.540484726 -0.016662963 0.841188788 154.884490967
0.844804227 0.043863602 -0.533274591 -69.445182800 -0.026053447 0.998824239 0.040883187 2.692857265 0.534440756 -0.020644654 0.844953716 155.573928833
0.849369526 0.039194040 -0.526341081 -69.860466003 -0.022549883 0.999023259 0.038003035 2.712204933 0.527316511 -0.020409698 0.849423826 156.236160278
0.853772998 0.035539433 -0.519430876 -70.254730225 -0.021310119 0.999216855 0.033339564 2.728360653 0.520209014 -0.017395291 0.853861868 156.887512207
0.858714581 0.030959930 -0.511518061 -70.627822876 -0.017333986 0.999356985 0.031387117 2.743225574 0.512160897 -0.018085923 0.858699024 157.530639648
0.863610864 0.027697703 -0.503397405 -70.983757019 -0.013630051 0.999407411 0.031605706 2.750122786 0.503974676 -0.020433696 0.863476634 158.149169922
0.868660569 0.024107955 -0.494820654 -71.321113586 -0.009290779 0.999432325 0.032382928 2.758911610 0.495320559 -0.023532499 0.868391514 158.762512207
0.874012411 0.021766538 -0.485415816 -71.651679993 -0.006262307 0.999417722 0.033539362 2.769057035 0.485863209 -0.026273992 0.873639882 159.371322632
0.878848970 0.018816054 -0.476728708 -71.951896667 -0.003422320 0.999444902 0.033138148 2.775473356 0.477087647 -0.027491912 0.878425598 159.951187134
0.883810818 0.015120354 -0.467600018 -72.243881226 -0.001449520 0.999561250 0.029582160 2.784701824 0.467842221 -0.025467237 0.883444965 160.522003174
0.888913393 0.013171482 -0.457885891 -72.525955200 -0.000938712 0.999636769 0.026933044 2.791728020 0.458074421 -0.023511320 0.888602912 161.084945679
0.893392384 0.010144705 -0.449162662 -72.798309326 0.000347922 0.999729097 0.023271717 2.797829628 0.449277073 -0.020947050 0.893146873 161.639343262
0.897478402 0.006862492 -0.441005021 -73.061302185 0.002314998 0.999791861 0.020268979 2.803922176 0.441052347 -0.019211901 0.897275686 162.184906006
0.901610851 0.008298930 -0.432468504 -73.315689087 0.000143572 0.999810278 0.019485347 2.803932190 0.432548076 -0.017630292 0.901438475 162.718124390
0.905120015 0.014959415 -0.424892813 -73.567428589 -0.008093515 0.999806046 0.017959608 2.803466320 0.425079048 -0.012816723 0.905065477 163.235168457
0.907755733 0.015501874 -0.419212490 -73.810287476 -0.010110857 0.999835253 0.015078586 2.806865215 0.419377238 -0.009449074 0.907762945 163.762481689
0.909417748 0.015325312 -0.415601522 -74.054267883 -0.009513266 0.999825954 0.016051700 2.811976671 0.415775150 -0.010643975 0.909405053 164.293762207
0.909929633 0.014015536 -0.414525837 -74.285408020 -0.006227867 0.999778032 0.020132646 2.815642118 0.414715946 -0.015737681 0.909814715 164.819900513
0.909069479 0.017422225 -0.416280180 -74.534057617 -0.008770913 0.999704182 0.022685932 2.818738937 0.416552305 -0.016971929 0.908953309 165.334686279
0.907000244 0.021059748 -0.420603454 -74.787734985 -0.012317088 0.999648213 0.023491811 2.820156574 0.420950145 -0.016126469 0.906940341 165.852798462
0.902939677 0.019414192 -0.429328561 -75.036506653 -0.011336421 0.999707401 0.021364544 2.824055910 0.429617733 -0.014423845 0.902895629 166.354202271
0.896217585 0.014037256 -0.443392426 -75.287689209 -0.006999252 0.999822378 0.017505720 2.827408791 0.443559378 -0.012585524 0.896156549 166.848281860
0.886594355 0.004845158 -0.462522328 -75.544448853 0.002076429 0.999893308 0.014454630 2.834165812 0.462543130 -0.013775789 0.886489749 167.336380005
0.874084055 0.001738409 -0.485771596 -75.805450439 0.005556522 0.999892414 0.013576521 2.837267876 0.485742956 -0.014566222 0.873980343 167.796066284
0.858402371 0.005704670 -0.512945294 -76.112960815 0.002651752 0.999875486 0.015557664 2.841940165 0.512970209 -0.014714936 0.858280241 168.259857178
0.840668797 0.011361574 -0.541430295 -76.421104431 -0.001590933 0.999827385 0.018510528 2.842448235 0.541547239 -0.014699846 0.840541720 168.691741943
0.821380794 0.017712494 -0.570105076 -76.763381958 -0.005663522 0.999721646 0.022900440 2.850930691 0.570352018 -0.015581178 0.821252525 169.137420654
0.800166070 0.022172222 -0.599368513 -77.118743896 -0.005051362 0.999530256 0.030231616 2.863575220 0.599757075 -0.021162689 0.799902141 169.573822021
0.776433349 0.028500069 -0.629554570 -77.500335693 -0.004609814 0.999206901 0.039549001 2.876495361 0.630182445 -0.027805036 0.775949001 170.016113281
0.751388133 0.034001257 -0.658983827 -77.902969360 -0.008048153 0.999069452 0.042371787 2.885155678 0.659811378 -0.026534062 0.750962555 170.426742554
0.724403739 0.034971781 -0.688488245 -78.337203979 -0.010637842 0.999160588 0.039559610 2.897879124 0.689293742 -0.021333106 0.724167705 170.836837769
0.695307255 0.031034142 -0.718042254 -78.755714417 -0.011276382 0.999415338 0.032275885 2.914690733 0.718624115 -0.014344738 0.695250750 171.210006714
0.664301097 0.024972733 -0.747047782 -79.214920044 -0.008304368 0.999626637 0.026031552 2.938655376 0.747418880 -0.011089032 0.664260566 171.594177246
0.632257760 0.029855050 -0.774182677 -79.705894470 -0.013228839 0.999527574 0.027741399 2.963689089 0.774645090 -0.007298182 0.632354081 171.964263916
0.599248409 0.038660049 -0.799629033 -80.209747314 -0.016610485 0.999218643 0.035861667 2.978358030 0.800390780 -0.008207824 0.599422455 172.313262939
0.565587878 0.043845911 -0.823521674 -80.752960205 -0.017115021 0.998994589 0.041433986 2.990823746 0.824510455 -0.009339964 0.565769494 172.654418945
0.530759454 0.042598408 -0.846451342 -81.314895630 -0.017400295 0.999073148 0.039368547 3.018926620 0.847343862 -0.006166720 0.531008720 172.977478027
0.493201941 0.038720593 -0.869052827 -81.879959106 -0.014569794 0.999236405 0.036252320 3.032434464 0.869792759 -0.005217794 0.493389606 173.291198730
0.454678774 0.035585664 -0.889944375 -82.483734131 -0.012226786 0.999356747 0.033713914 3.060594797 0.890571594 -0.004447843 0.454821378 173.575515747
0.414886296 0.035508629 -0.909180224 -83.116401672 -0.011660188 0.999363601 0.033709910 3.095224619 0.909798563 -0.003384566 0.415036321 173.848754883
0.373880178 0.039036307 -0.926655114 -83.743980408 -0.011116463 0.999230683 0.037608426 3.108490467 0.927410364 -0.003759920 0.374026477 174.092010498
0.332063735 0.040260341 -0.942397296 -84.400039673 -0.009889462 0.999182343 0.039201606 3.136440277 0.943205118 -0.003697631 0.332190365 174.293792725
0.290698588 0.042119551 -0.955887079 -85.084320068 -0.010169061 0.999110162 0.040931545 3.152347326 0.956760645 -0.002178267 0.290868253 174.477203369
0.249253199 0.045175515 -0.967384160 -85.788864136 -0.013922925 0.998975337 0.043063447 3.194543839 0.968338192 0.002735115 0.249626800 174.657653809
0.210098714 0.044330720 -0.976674676 -86.495094299 -0.014592874 0.999002397 0.042204998 3.218890667 0.977571249 0.005385273 0.210536033 174.792938232
0.172834694 0.042334840 -0.984040618 -87.234695435 -0.012503400 0.999089658 0.040786196 3.243419886 0.984871507 0.005254580 0.173206717 174.907653809
0.137388259 0.041344933 -0.989654005 -87.971664429 -0.012296209 0.999122679 0.040033493 3.268936872 0.990440965 0.006668858 0.137776121 174.997406006
0.104729675 0.039187223 -0.993728340 -88.707809448 -0.006271880 0.999229550 0.038743164 3.297660351 0.994480968 0.002174985 0.104894750 175.061737061
0.073380895 0.036830697 -0.996623695 -89.460700989 -0.004080708 0.999320507 0.036629900 3.320769310 0.997295678 0.001378994 0.073481351 175.099716187
0.044040844 0.032000560 -0.998517036 -90.226036072 0.002846450 0.999478757 0.032156926 3.335775614 0.999025643 -0.004258448 0.043926794 175.131881714
0.014828557 0.026409186 -0.999541223 -90.987663269 0.008422539 0.999612331 0.026536016 3.357805490 0.999854565 -0.008812166 0.014600374 175.137939453
-0.013361167 0.025428003 -0.999587357 -91.768928528 0.017271552 0.999533236 0.025195768 3.375013351 0.999761522 -0.016927781 -0.013794109 175.132598877
-0.038645394 0.026413666 -0.998903930 -92.563819885 0.021116147 0.999449074 0.025611144 3.389534950 0.999029994 -0.020103244 -0.039181843 175.095397949
-0.061597101 0.028804760 -0.997685373 -93.356979370 0.025300862 0.999307334 0.027289512 3.401655197 0.997780383 -0.023561345 -0.062283222 175.035247803
-0.080864705 0.030246351 -0.996266007 -94.162330627 0.029627545 0.999170721 0.027929734 3.417219400 0.996284604 -0.027258385 -0.081693769 174.956771851
-0.096339390 0.034725785 -0.994742513 -94.993919373 0.030899379 0.999013960 0.031882323 3.437762022 0.994868934 -0.027665401 -0.097317383 174.882797241
-0.109067619 0.038448732 -0.993290424 -95.813232422 0.030982777 0.998897552 0.035263740 3.449409246 0.993551373 -0.026928762 -0.110138640 174.779754639
-0.121044070 0.039534293 -0.991859555 -96.634475708 0.033571817 0.998797894 0.035713833 3.465145588 0.992079258 -0.028975576 -0.122225821 174.683380127
-0.131687090 0.034131430 -0.990703583 -97.467636108 0.036087293 0.998909712 0.029617323 3.488877773 0.990634203 -0.031851590 -0.132775187 174.569122314
-0.140386194 0.029167838 -0.989667118 -98.293388367 0.034122240 0.999114811 0.024605978 3.517362356 0.989508629 -0.030315312 -0.141257212 174.437393188
-0.148570076 0.029676788 -0.988456428 -99.131546021 0.028719272 0.999257624 0.025684422 3.531742096 0.988484681 -0.024571816 -0.149312094 174.294586182
-0.154869124 0.032135081 -0.987412214 -100.004272461 0.026016278 0.999256849 0.028440081 3.551955700 0.987592340 -0.021284303 -0.155590072 174.154785156
-0.158837572 0.032643575 -0.986764967 -100.869285583 0.025364939 0.999258220 0.028973930 3.569914579 0.986978829 -0.020427085 -0.159547776 174.007492065
-0.161962122 0.031955678 -0.986279368 -101.748489380 0.024315890 0.999301195 0.028384548 3.588280201 0.986497402 -0.019385040 -0.162625924 173.850219727
-0.165590912 0.028928868 -0.985770106 -102.631896973 0.021312041 0.999441147 0.025750041 3.602416992 0.985964179 -0.016744802 -0.166114897 173.698104858
-0.167948008 0.026239702 -0.985446572 -103.518325806 0.022735810 0.999482989 0.022738623 3.624294281 0.985533655 -0.018586019 -0.168457702 173.546112061
-0.170737118 0.024761314 -0.985005379 -104.416618347 0.022210699 0.999526799 0.021276440 3.640054464 0.985066295 -0.018244982 -0.171206281 173.387985229
-0.171308264 0.023111576 -0.984946370 -105.333526611 0.022719184 0.999551654 0.019502819 3.652972698 0.984955490 -0.019036187 -0.171756521 173.220977783
-0.172058240 0.019993447 -0.984883904 -106.251541138 0.021011114 0.999641061 0.016622402 3.662346125 0.984862566 -0.017833492 -0.172416583 173.052124023
-0.172068357 0.018470954 -0.984911859 -107.174072266 0.019863514 0.999685943 0.015277784 3.676481962 0.984884679 -0.016934991 -0.172381207 172.885086060
-0.172120348 0.024171028 -0.984779477 -108.103820801 0.022500435 0.999534547 0.020600550 3.686141968 0.984818995 -0.018612189 -0.172584102 172.723602295
-0.172396496 0.029370477 -0.984589636 -109.046043396 0.024188587 0.999380171 0.025576388 3.696524620 0.984730721 -0.019406548 -0.173000082 172.564849854
-0.171482071 0.031171495 -0.984693944 -109.994789124 0.024713932 0.999320924 0.027330654 3.721939087 0.984877229 -0.019648943 -0.172135964 172.398742676
