1.000000000 0.000000000 0.000000000 0.000000000 0.000000000 1.000000000 0.000000000 0.000000000 0.000000000 0.000000000 1.000000000 0.000000000
1.000000000 0.000049277 -0.000112130 -0.000830721 -0.000049237 0.999999940 0.000351687 -0.006409723 0.000112148 -0.000351682 0.999999940 0.341790408
1.000000000 0.000188408 -0.000275822 -0.004243855 -0.000188199 0.999999762 0.000759500 -0.009187968 0.000275965 -0.000759448 0.999999702 0.688314617
0.999999881 0.000492772 -0.000074552 -0.007333642 -0.000492759 0.999999881 0.000173632 -0.013618600 0.000074637 -0.000173595 1.000000000 1.031541705
0.999999881 0.000364418 0.000064009 -0.009913398 -0.000364422 0.999999881 0.000058480 -0.017124053 -0.000063988 -0.000058503 1.000000000 1.374759436
0.999999940 0.000075681 0.000260065 -0.012036351 -0.000075815 0.999999881 0.000512472 -0.023986971 -0.000260026 -0.000512492 0.999999762 1.701940656
0.999999940 -0.000072276 0.000340308 -0.016948218 0.000072293 1.000000000 -0.000049700 -0.025683116 -0.000340305 0.000049724 0.999999881 2.035675526
0.999999940 0.000233731 0.000241377 -0.016167745 -0.000233738 0.999999940 0.000029166 -0.032728720 -0.000241370 -0.000029222 1.000000000 2.363390684
0.999999881 0.000501380 -0.000264385 -0.019078633 -0.000501329 0.999999881 0.000194239 -0.037082423 0.000264483 -0.000194106 1.000000000 2.691710711
0.999999404 0.001000836 -0.000489073 -0.024411654 -0.001000706 0.999999464 0.000267983 -0.040831868 0.000489341 -0.000267494 0.999999762 3.013105869
0.999999225 0.000991839 -0.000732193 -0.029016880 -0.000991705 0.999999404 0.000183931 -0.044229414 0.000732375 -0.000183205 0.999999642 3.335557699
0.999999166 0.000572024 -0.001098252 -0.026231002 -0.000571592 0.999999702 0.000393798 -0.050017849 0.001098477 -0.000393170 0.999999344 3.649714708
0.999998927 0.000548350 -0.001368228 -0.031675220 -0.000547675 0.999999702 0.000493791 -0.051731732 0.001368498 -0.000493041 0.999998868 3.960746527
0.999997854 0.000551635 -0.001971041 -0.030298661 -0.000551376 0.999999821 0.000131756 -0.052519843 0.001971113 -0.000130669 0.999997973 4.271717072
0.999997079 0.000414866 -0.002378276 -0.033911716 -0.000415487 0.999999881 -0.000260379 -0.059444554 0.002378168 0.000261367 0.999997079 4.571796894
0.999996006 0.000844916 -0.002696804 -0.038775865 -0.000845731 0.999999642 -0.000301124 -0.063172959 0.002696549 0.000303404 0.999996245 4.879162312
0.999994159 0.001369867 -0.003138129 -0.040811278 -0.001370540 0.999999046 -0.000212350 -0.066743813 0.003137835 0.000216649 0.999994993 5.181468964
0.999992728 0.001486218 -0.003491508 -0.042148620 -0.001486428 0.999998927 -0.000057750 -0.072052516 0.003491418 0.000062939 0.999993920 5.479435921
0.999991953 0.001681650 -0.003641009 -0.045982592 -0.001682488 0.999998569 -0.000227274 -0.075677089 0.003640622 0.000233398 0.999993324 5.773481369
0.999991477 0.001407696 -0.003888558 -0.046942279 -0.001409396 0.999998927 -0.000434519 -0.076816268 0.003887941 0.000439996 0.999992311 6.070983887
0.999991357 0.001360812 -0.003933795 -0.052385487 -0.001362684 0.999998927 -0.000473289 -0.084859043 0.003933148 0.000478645 0.999992132 6.359010696
0.999990165 0.001563880 -0.004141575 -0.056408811 -0.001565860 0.999998629 -0.000474934 -0.087553307 0.004140827 0.000481415 0.999991238 6.640174866
0.999990344 0.001353242 -0.004159748 -0.059187759 -0.001355936 0.999998808 -0.000644859 -0.093256310 0.004158870 0.000650494 0.999991119 6.929076195
0.999990761 0.001266800 -0.004087151 -0.063474268 -0.001269598 0.999998987 -0.000682010 -0.098884404 0.004086283 0.000687192 0.999991417 7.211028576
0.999990702 0.001275433 -0.004098170 -0.063173994 -0.001276570 0.999999166 -0.000274803 -0.103035226 0.004097816 0.000280032 0.999991477 7.485675335
0.999990284 0.001572791 -0.004113410 -0.066347301 -0.001571347 0.999998748 0.000354273 -0.107133515 0.004113962 -0.000347806 0.999991477 7.760104179
0.999989450 0.002174775 -0.004045932 -0.075205132 -0.002173430 0.999997616 0.000336997 -0.114169873 0.004046655 -0.000328200 0.999991715 8.031273842
0.999988019 0.002442475 -0.004243080 -0.073601097 -0.002443134 0.999997020 -0.000150160 -0.115017280 0.004242699 0.000160525 0.999991000 8.299509048
0.999988019 0.002540683 -0.004180973 -0.077769786 -0.002539437 0.999996722 0.000303265 -0.118110158 0.004181731 -0.000292644 0.999991238 8.565617561
0.999988854 0.002198959 -0.004181708 -0.077193648 -0.002196365 0.999997377 0.000624742 -0.123576052 0.004183072 -0.000615550 0.999991059 8.826940536
0.999989629 0.001990422 -0.004075827 -0.077979133 -0.001989461 0.999997973 0.000239670 -0.128200576 0.004076295 -0.000231559 0.999991655 9.084112167
0.999990463 0.002187782 -0.003769642 -0.081234261 -0.002187308 0.999997556 0.000130015 -0.131193966 0.003769917 -0.000121768 0.999992847 9.336441994
0.999991238 0.002151155 -0.003594696 -0.083371341 -0.002149926 0.999997556 0.000345778 -0.135164469 0.003595431 -0.000338047 0.999993503 9.585718155
0.999991238 0.002414198 -0.003415306 -0.087335333 -0.002413352 0.999997020 0.000251900 -0.139025807 0.003415904 -0.000243655 0.999994159 9.840006828
0.999989748 0.002947549 -0.003439386 -0.090071186 -0.002949948 0.999995410 -0.000692604 -0.143780455 0.003437329 0.000702743 0.999993861 10.092197418
0.999989450 0.002939803 -0.003521599 -0.091027841 -0.002945665 0.999994218 -0.001660515 -0.144526243 0.003516697 0.001670871 0.999992371 10.346556664
0.999990284 0.002457751 -0.003636235 -0.092844144 -0.002465171 0.999994874 -0.002037636 -0.150728405 0.003631209 0.002046580 0.999991298 10.605463028
0.999989271 0.002472235 -0.003913852 -0.096993253 -0.002481381 0.999994218 -0.002333764 -0.153708994 0.003908060 0.002343451 0.999989569 10.870119095
0.999987543 0.002546432 -0.004289679 -0.099135682 -0.002557786 0.999993324 -0.002643441 -0.156039760 0.004282919 0.002654381 0.999987304 11.147963524
0.999985754 0.002622852 -0.004639484 -0.102280632 -0.002636744 0.999992073 -0.002990664 -0.159064174 0.004631604 0.003002855 0.999984741 11.427750587
0.999982953 0.002595338 -0.005226956 -0.105913714 -0.002612714 0.999991000 -0.003320362 -0.160875872 0.005218291 0.003333962 0.999980807 11.711109161
0.999977827 0.002555553 -0.006147680 -0.109576434 -0.002578278 0.999989867 -0.003691464 -0.165796489 0.006138185 0.003707233 0.999974251 12.007734299
0.999971032 0.002733748 -0.007102412 -0.112308919 -0.002762304 0.999988079 -0.004013928 -0.169301406 0.007091355 0.004033431 0.999966741 12.314264297
0.999966681 0.003379395 -0.007429235 -0.136097878 -0.003411222 0.999985039 -0.004275472 -0.173818856 0.007414675 0.004300671 0.999963284 12.598771095
0.999960661 0.003036781 -0.008330302 -0.135755748 -0.003073907 0.999985337 -0.004447573 -0.181131363 0.008316673 0.004473004 0.999955416 12.931839943
0.999952674 0.003111015 -0.009217714 -0.140133709 -0.003158497 0.999981821 -0.005141080 -0.182376578 0.009201552 0.005169950 0.999944329 13.267966270
0.999945402 0.003244436 -0.009932912 -0.142560780 -0.003299719 0.999979138 -0.005554325 -0.190987200 0.009914685 0.005586797 0.999935210 13.617690086
0.999937654 0.003382387 -0.010644103 -0.151188105 -0.003443473 0.999977648 -0.005725835 -0.194440812 0.010624499 0.005762131 0.999926984 13.979007721
0.999932110 0.003093828 -0.011235087 -0.156805262 -0.003157867 0.999978840 -0.005686631 -0.198216766 0.011217256 0.005721722 0.999920726 14.369050980
0.999929845 0.002960167 -0.011468498 -0.160870403 -0.003028028 0.999977946 -0.005904249 -0.205284476 0.011450772 0.005938562 0.999916792 14.758161545
0.999930441 0.002972574 -0.011414737 -0.168549970 -0.003042762 0.999976516 -0.006136462 -0.208490163 0.011396228 0.006170768 0.999915957 15.167892456
0.999925375 0.003488927 -0.011716937 -0.174950197 -0.003560223 0.999975204 -0.006069528 -0.215635866 0.011695471 0.006110790 0.999912858 15.592075348
0.999924064 0.003398259 -0.011839849 -0.184359983 -0.003471740 0.999974906 -0.006191276 -0.223780304 0.011818511 0.006231911 0.999910653 16.004970551
0.999923050 0.003365516 -0.011940376 -0.191136912 -0.003444160 0.999972463 -0.006571904 -0.227405027 0.011917929 0.006612523 0.999907136 16.458274841
0.999927640 0.003060939 -0.011641564 -0.199637875 -0.003142153 0.999970794 -0.006964352 -0.235343575 0.011619908 0.007000427 0.999907970 16.922004700
0.999924839 0.003238597 -0.011836764 -0.207101285 -0.003319638 0.999971151 -0.006833248 -0.241405487 0.011814292 0.006872027 0.999906540 17.397960663
0.999919951 0.003848833 -0.012047913 -0.214836165 -0.003934632 0.999967039 -0.007105921 -0.248052925 0.012020167 0.007152757 0.999902189 17.885944366
0.999919236 0.003995260 -0.012062180 -0.224687323 -0.004084904 0.999964178 -0.007416469 -0.254008234 0.012032116 0.007465143 0.999899745 18.389257431
0.999922395 0.003614919 -0.011921712 -0.231137216 -0.003706145 0.999963939 -0.007638944 -0.261497974 0.011893667 0.007682535 0.999899745 18.901073456
0.999922693 0.003475595 -0.011937388 -0.239726216 -0.003565631 0.999965310 -0.007529411 -0.268014848 0.011910805 0.007571392 0.999900401 19.434850693
0.999919593 0.003473458 -0.012204006 -0.247934237 -0.003557028 0.999970317 -0.006832699 -0.276759744 0.012179915 0.006875559 0.999902189 19.976318359
0.999918759 0.003661726 -0.012209778 -0.257682413 -0.003744409 0.999970198 -0.006755909 -0.282183170 0.012184675 0.006801079 0.999902606 20.542770386
0.999921560 0.003512254 -0.012018180 -0.264852285 -0.003591836 0.999971688 -0.006606749 -0.292797387 0.011994636 0.006649398 0.999905884 21.090072632
0.999914587 0.003939611 -0.012462324 -0.273121774 -0.004002878 0.999979198 -0.005055771 -0.300161600 0.012442148 0.005105224 0.999909580 21.669898987
0.999917150 0.003792491 -0.012302225 -0.283753037 -0.003830696 0.999987900 -0.003083493 -0.304717094 0.012290384 0.003130363 0.999919534 22.264272690
0.999918997 0.003516223 -0.012233963 -0.295099944 -0.003527331 0.999993384 -0.000886528 -0.316178381 0.012230765 0.000929609 0.999924779 22.852462769
0.999912858 0.003435142 -0.012748907 -0.299277812 -0.003423560 0.999993801 0.000930150 -0.320099473 0.012752024 -0.000886422 0.999918222 23.448644638
0.999905705 0.003620678 -0.013243819 -0.309190720 -0.003593049 0.999991298 0.002109379 -0.326818079 0.013251340 -0.002061594 0.999910057 24.060754776
0.999909818 0.004096820 -0.012785829 -0.344703227 -0.004068372 0.999989212 0.002250064 -0.332104176 0.012794907 -0.002197844 0.999915659 24.563352585
0.999915540 0.004213824 -0.012295910 -0.394994199 -0.004186762 0.999988735 0.002225787 -0.331050456 0.012305151 -0.002174119 0.999921858 25.059816360
0.999918044 0.004055806 -0.012145592 -0.439938545 -0.004027208 0.999989092 0.002378261 -0.335389018 0.012155104 -0.002329153 0.999923348 25.549728394
0.999922276 0.003945848 -0.011826465 -0.472697884 -0.003913337 0.999988437 0.002770850 -0.345131636 0.011837263 -0.002724353 0.999926209 26.050970078
0.999916971 0.004121818 -0.012211079 -0.494811416 -0.004082163 0.999986351 0.003270607 -0.354864657 0.012224391 -0.003220488 0.999920070 26.563486099
0.999906719 0.004155695 -0.013008961 -0.482168347 -0.004113013 0.999986053 0.003305958 -0.348464102 0.013022520 -0.003252144 0.999909937 27.250040054
0.999903798 0.004366772 -0.013165239 -0.492171824 -0.004327905 0.999986172 0.002979302 -0.355729848 0.013178067 -0.002922037 0.999908924 27.827873230
0.999908328 0.004287860 -0.012836625 -0.523386121 -0.004244391 0.999985099 0.003411626 -0.370582998 0.012851063 -0.003356830 0.999911785 28.332059860
0.999891520 0.004619562 -0.013979830 -0.515120029 -0.004569272 0.999983013 0.003627002 -0.369342148 0.013996348 -0.003562732 0.999895632 28.972692490
0.999888241 0.005008108 -0.014087645 -0.532230020 -0.004959111 0.999981582 0.003510856 -0.377754569 0.014104971 -0.003440602 0.999894559 29.525535583
0.999884427 0.005133627 -0.014311589 -0.538556576 -0.005090108 0.999982417 0.003075544 -0.380252540 0.014327123 -0.003002341 0.999892831 30.085830688
0.999877691 0.005373166 -0.014691105 -0.553855240 -0.005325248 0.999980450 0.003298889 -0.384551525 0.014708543 -0.003220252 0.999886572 30.640806198
0.999870539 0.005009457 -0.015289897 -0.563402176 -0.004955504 0.999981344 0.003564527 -0.395772219 0.015307468 -0.003488296 0.999876738 31.197057724
0.999868035 0.004510559 -0.015600692 -0.570696592 -0.004471556 0.999986708 0.002533977 -0.402594835 0.015611914 -0.002463884 0.999875009 31.739830017
0.999866366 0.005198599 -0.015497619 -0.591706634 -0.005172052 0.999985039 0.001752579 -0.401017636 0.015506499 -0.001672190 0.999878287 32.290512085
0.999856532 0.005001280 -0.016178057 -0.601103544 -0.004976017 0.999986351 0.001601383 -0.410612375 0.016185841 -0.001520651 0.999867797 32.832653046
0.999856770 0.004478168 -0.016319372 -0.616022706 -0.004462164 0.999989510 0.001016993 -0.416408718 0.016323760 -0.000944028 0.999866247 33.371417999
0.999853849 0.004773035 -0.016417420 -0.627568722 -0.004760716 0.999988377 0.000789363 -0.424471974 0.016420996 -0.000711088 0.999864936 33.912876129
0.999844670 0.005539601 -0.016732665 -0.640408397 -0.005526039 0.999984324 0.000856648 -0.428652972 0.016737146 -0.000764049 0.999859691 34.457015991
0.999844730 0.005733578 -0.016663168 -0.650538325 -0.005720488 0.999983430 0.000833128 -0.432680309 0.016667670 -0.000737677 0.999860823 34.997600555
0.999849677 0.004819552 -0.016656701 -0.660785258 -0.004810278 0.999988198 0.000596774 -0.440208554 0.016659383 -0.000516561 0.999861002 35.541168213
0.999853313 0.004891628 -0.016412551 -0.672722459 -0.004886406 0.999988019 0.000358197 -0.451812267 0.016414106 -0.000277946 0.999865234 36.050674438
0.999851942 0.005018484 -0.016458407 -0.686596155 -0.005016443 0.999987423 0.000165352 -0.460143596 0.016459029 -0.000082765 0.999864519 36.574596405
0.999852121 0.005107939 -0.016413784 -0.696645379 -0.005104445 0.999986947 0.000254707 -0.468970537 0.016414866 -0.000170886 0.999865234 37.098930359
0.999861300 0.004863236 -0.015925447 -0.716971338 -0.004853869 0.999987960 0.000626696 -0.480449378 0.015928302 -0.000549309 0.999872983 37.606590271
0.999858558 0.005398957 -0.015929209 -0.729126632 -0.005383551 0.999984920 0.001009932 -0.486813605 0.015934423 -0.000924034 0.999872625 38.128818512
0.999857068 0.005765500 -0.015893891 -0.740212977 -0.005745801 0.999982595 0.001284821 -0.492694974 0.015901024 -0.001193314 0.999872863 38.656608582
0.999862611 0.005011209 -0.015795300 -0.749750257 -0.004993451 0.999986827 0.001163532 -0.502129376 0.015800921 -0.001084499 0.999874592 39.169834137
0.999868274 0.004693330 -0.015539189 -0.760695696 -0.004673702 0.999988198 0.001299169 -0.508607566 0.015545105 -0.001226372 0.999878347 39.662261963
0.999869883 0.004867662 -0.015374763 -0.780961633 -0.004846501 0.999987245 0.001413298 -0.525171995 0.015381446 -0.001338600 0.999880791 40.106601715
0.999870956 0.004901016 -0.015300654 -0.789868951 -0.004886344 0.999987543 0.000996142 -0.528490245 0.015305347 -0.000921250 0.999882400 40.625232697
0.999872863 0.005016034 -0.015133874 -0.801969647 -0.005001351 0.999987006 0.001007848 -0.532573402 0.015138733 -0.000932030 0.999884903 41.141811371
0.999873638 0.004974200 -0.015094378 -0.813444972 -0.004956111 0.999986947 0.001235507 -0.537073255 0.015100325 -0.001160542 0.999885321 41.651985168
0.999867618 0.004843077 -0.015530595 -0.819878757 -0.004819930 0.999987185 0.001527479 -0.544979572 0.015537794 -0.001452420 0.999878168 42.156089783
0.999871135 0.004132550 -0.015506024 -0.831830084 -0.004108566 0.999990344 0.001578210 -0.552677274 0.015512397 -0.001514299 0.999878526 42.665428162
0.999865770 0.004100747 -0.015857745 -0.842275500 -0.004069166 0.999989688 0.002023290 -0.559925795 0.015865879 -0.001958490 0.999872148 43.161697388
0.999858499 0.004351746 -0.016248282 -0.855500221 -0.004313125 0.999987781 0.002411167 -0.563759267 0.016258581 -0.002340745 0.999865055 43.660934448
0.999848366 0.004482866 -0.016818903 -0.866285682 -0.004446038 0.999987662 0.002226439 -0.570161164 0.016828671 -0.002151324 0.999855995 44.152984619
0.999840617 0.004582596 -0.017253945 -0.877124250 -0.004548830 0.999987662 0.001995719 -0.575309277 0.017262878 -0.001916915 0.999849081 44.637634277
0.999830186 0.003954957 -0.018006725 -0.888376653 -0.003908138 0.999988914 0.002634601 -0.583038092 0.018016944 -0.002563780 0.999834538 45.131408691
0.999808669 0.004285272 -0.019091697 -0.902012765 -0.004226606 0.999986291 0.003112169 -0.587870836 0.019104766 -0.003030880 0.999812901 45.632064819
0.999794483 0.004202207 -0.019832022 -0.913220525 -0.004137534 0.999985933 0.003300937 -0.599293649 0.019845620 -0.003218203 0.999797881 46.099124908
0.999782503 0.003703248 -0.020521272 -0.928291619 -0.003643525 0.999988973 0.002946902 -0.600269318 0.020531958 -0.002871491 0.999785066 46.583457947
0.999763489 0.003536742 -0.021455936 -0.939304709 -0.003469817 0.999988973 0.003155612 -0.609734833 0.021466859 -0.003080418 0.999764800 47.050437927
0.999734163 0.004179030 -0.022671737 -0.953645587 -0.004100247 0.999985397 0.003520357 -0.613801956 0.022686116 -0.003426462 0.999736726 47.540569305
0.999715805 0.004183179 -0.023469185 -0.967927098 -0.004095880 0.999984503 0.003766570 -0.620218277 0.023484578 -0.003669372 0.999717474 48.010185242
0.999697387 0.003785475 -0.024307474 -0.985563338 -0.003701485 0.999987006 0.003499391 -0.628549576 0.024320407 -0.003408358 0.999698520 48.474117279
0.999682724 0.003960859 -0.024875138 -1.003411889 -0.003876404 0.999986529 0.003442491 -0.632545233 0.024888439 -0.003344972 0.999684632 48.938861847
0.999652624 0.004545858 -0.025958696 -1.018703699 -0.004454904 0.999983788 0.003560574 -0.635488033 0.025974462 -0.003443694 0.999656618 49.399295807
0.999626815 0.004326819 -0.026973372 -1.030230045 -0.004231028 0.999984503 0.003607350 -0.640934587 0.026988562 -0.003491878 0.999629557 49.868148804
0.999606609 0.004168411 -0.027733989 -1.048487663 -0.004078640 0.999986351 0.003292631 -0.644829392 0.027747329 -0.003178219 0.999609888 50.324920654
0.999585092 0.004171181 -0.028497862 -1.062266350 -0.004069493 0.999985158 0.003625348 -0.652655184 0.028512560 -0.003507873 0.999587238 50.773647308
0.999556303 0.004855256 -0.029387904 -1.081308246 -0.004752733 0.999982357 0.003557463 -0.657616138 0.029404659 -0.003416212 0.999561787 51.224082947
0.999524713 0.004991940 -0.030420279 -1.099341154 -0.004886155 0.999981821 0.003550835 -0.660767674 0.030437449 -0.003400510 0.999530911 51.692390442
0.999503314 0.005215461 -0.031078411 -1.113345385 -0.005105976 0.999980509 0.003601203 -0.666317403 0.031096578 -0.003440729 0.999510467 52.118152618
0.999491096 0.005057701 -0.031494834 -1.136463404 -0.004933688 0.999979734 0.004014070 -0.671606302 0.031514492 -0.003856641 0.999495804 52.560230255
0.999470353 0.006013293 -0.031980671 -1.153620124 -0.005874303 0.999972939 0.004438256 -0.674566507 0.032006491 -0.004248041 0.999478638 53.005512238
0.999459088 0.006283635 -0.032280821 -1.169707179 -0.006139357 0.999970675 0.004566634 -0.679598570 0.032308575 -0.004365980 0.999468327 53.406337738
0.999455214 0.006319920 -0.032394156 -1.189338684 -0.006188484 0.999972224 0.004156054 -0.685599566 0.032419518 -0.003953318 0.999466538 53.841091156
0.999460638 0.006051593 -0.032277305 -1.202492952 -0.005917766 0.999973536 0.004240063 -0.689482808 0.032302115 -0.004046767 0.999469995 54.265701294
0.999469459 0.005801392 -0.032049373 -1.217394114 -0.005653549 0.999972939 0.004701694 -0.692336440 0.032075785 -0.004518006 0.999475241 54.691894531
0.999455690 0.006598004 -0.032322370 -1.233625889 -0.006465646 0.999970198 0.004197743 -0.696711421 0.032349106 -0.003986473 0.999468684 55.069080353
0.999448240 0.006813689 -0.032507144 -1.248637199 -0.006691719 0.999970138 0.003859410 -0.698721826 0.032532472 -0.003639751 0.999464035 55.480659485
0.999465406 0.006820941 -0.031971995 -1.267958164 -0.006706581 0.999970853 0.003682753 -0.706529021 0.031996172 -0.003466361 0.999481916 55.879425049
0.999465227 0.006368288 -0.032073971 -1.280880690 -0.006249771 0.999973297 0.003794028 -0.711429179 0.032097276 -0.003591544 0.999478221 56.287124634
0.999466360 0.006751867 -0.031959709 -1.296863079 -0.006624050 0.999969602 0.004103538 -0.715114594 0.031986445 -0.003889646 0.999480724 56.683315277
0.999452353 0.007429799 -0.032245573 -1.313021541 -0.007302861 0.999965191 0.004052578 -0.719970405 0.032274563 -0.003814874 0.999471724 57.074272156
0.999453902 0.007139423 -0.032263491 -1.328186512 -0.006998182 0.999965370 0.004488593 -0.723614991 0.032294426 -0.004260357 0.999469280 57.468120575
0.999447048 0.007432865 -0.032409810 -1.347319365 -0.007289607 0.999963224 0.004536108 -0.727188349 0.032442335 -0.004297344 0.999464393 57.857376099
0.999434948 0.007898786 -0.032671638 -1.361600161 -0.007770816 0.999961555 0.004041995 -0.730642140 0.032702312 -0.003785826 0.999458015 58.243991852
0.999425054 0.007262436 -0.033118196 -1.379173279 -0.007143044 0.999967575 0.003721930 -0.736474752 0.033144154 -0.003483226 0.999444425 58.603160858
0.999397278 0.007573864 -0.033878785 -1.393577576 -0.007447354 0.999964833 0.003858814 -0.736677766 0.033906814 -0.003604181 0.999418437 58.982364655
0.999391198 0.007261119 -0.034123424 -1.408328176 -0.007118809 0.999965370 0.004290078 -0.749444187 0.034153394 -0.004044549 0.999408543 59.348819733
0.999386847 0.006946268 -0.034317538 -1.426235318 -0.006818288 0.999969363 0.003844891 -0.752284765 0.034343194 -0.003608546 0.999403596 59.712570190
0.999369800 0.007475219 -0.034701195 -1.441715240 -0.007352480 0.999966264 0.003663259 -0.752818465 0.034727417 -0.003405811 0.999391019 60.075149536
0.999355972 0.007382764 -0.035115145 -1.459453702 -0.007259738 0.999966979 0.003629720 -0.757646322 0.035140790 -0.003372456 0.999376655 60.437889099
0.999333560 0.007788220 -0.035661619 -1.472124100 -0.007691761 0.999966383 0.002841268 -0.758704007 0.035682548 -0.002565074 0.999359906 60.806869507
0.999334037 0.007308172 -0.035750255 -1.485424876 -0.007213539 0.999970138 0.002775299 -0.765758157 0.035769470 -0.002515566 0.999356925 61.162136078
0.999343395 0.007110511 -0.035529763 -1.504327536 -0.007027579 0.999972343 0.002458520 -0.769363403 0.035546258 -0.002207218 0.999365628 61.517250061
0.999338686 0.007451904 -0.035589751 -1.514348507 -0.007376471 0.999970257 0.002250355 -0.772760928 0.035605468 -0.001986340 0.999363899 61.873222351
0.999339581 0.007420485 -0.035570867 -1.535042048 -0.007342413 0.999970317 0.002324970 -0.776804328 0.035587069 -0.002062259 0.999364436 62.228797913
0.999332666 0.007441819 -0.035760343 -1.539036274 -0.007375955 0.999970853 0.001973381 -0.780293345 0.035773978 -0.001708298 0.999358475 62.600303650
0.999359965 0.007724632 -0.034926500 -1.582722783 -0.007664622 0.999968886 0.001851748 -0.786931038 0.034939725 -0.001582865 0.999388158 62.912624359
0.999368429 0.007170259 -0.034803271 -1.599607944 -0.007110803 0.999972999 0.001831829 -0.798674703 0.034815464 -0.001583192 0.999392509 63.224426270
0.999376953 0.006823628 -0.034629494 -1.617116690 -0.006766296 0.999975562 0.001772490 -0.813740849 0.034640744 -0.001537072 0.999398768 63.546215057
0.999381721 0.006559526 -0.034541879 -1.632123947 -0.006506823 0.999977469 0.001637962 -0.817413628 0.034551844 -0.001412192 0.999401927 63.922264099
0.999372661 0.006937427 -0.034728315 -1.643855572 -0.006893336 0.999975204 0.001389193 -0.819352090 0.034737095 -0.001148927 0.999395788 64.293159485
0.999377251 0.007062797 -0.034572039 -1.661442518 -0.007053353 0.999975026 0.000395099 -0.823767006 0.034573968 -0.000151005 0.999402046 64.657363892
0.999392748 0.006147336 -0.034298435 -1.673477650 -0.006202907 0.999979615 -0.001514059 -0.827051044 0.034288429 0.001725890 0.999410510 65.027954102
0.999428451 0.005843308 -0.033296309 -1.690896273 -0.005939748 0.999978423 -0.002798265 -0.836045027 0.033279244 0.002994438 0.999441624 65.388977051
0.999476492 0.005758217 -0.031834297 -1.700077295 -0.005867690 0.999977291 -0.003346506 -0.837887108 0.031814288 0.003531547 0.999487579 65.789222717
0.999533713 0.006712429 -0.029787755 -1.716907978 -0.006780795 0.999974608 -0.002194677 -0.846697509 0.029772267 0.002395639 0.999553859 66.148445129
0.999602854 0.007761710 -0.027087117 -1.731308818 -0.007799334 0.999968708 -0.001283600 -0.847606838 0.027076306 0.001494352 0.999632239 66.550323486
0.999688566 0.008379828 -0.023511408 -1.739556789 -0.008415611 0.999963582 -0.001423450 -0.849744797 0.023498626 0.001620870 0.999722540 66.966209412
0.999791682 0.007943693 -0.018802721 -1.745809674 -0.007975391 0.999966919 -0.001611483 -0.858805835 0.018789295 0.001761106 0.999822021 67.382423401
0.999886572 0.006287010 -0.013695306 -1.748078585 -0.006301554 0.999979615 -0.001019008 -0.863230765 0.013688623 0.001105194 0.999905705 67.809135437
0.999946833 0.005376040 -0.008790037 -1.745701075 -0.005380393 0.999985337 -0.000471570 -0.870994568 0.008787372 0.000518839 0.999961257 68.233428955
0.999980569 0.005433591 -0.003059412 -1.752526641 -0.005436525 0.999984741 -0.000951852 -0.871253967 0.003054194 0.000968466 0.999994874 68.695243835
0.999977648 0.006180353 0.002536644 -1.752719522 -0.006174275 0.999978006 -0.002397426 -0.873188734 -0.002551405 0.002381710 0.999993920 69.155982971
0.999947250 0.006323541 0.008090770 -1.747946262 -0.006288866 0.999970913 -0.004304043 -0.874448240 -0.008117751 0.004252933 0.999957979 69.636657715
0.999885976 0.006540697 0.013606288 -1.744389772 -0.006481114 0.999969244 -0.004418410 -0.877350688 -0.013634770 0.004329723 0.999897599 70.131202698
0.999802947 0.005432351 0.019093346 -1.729605794 -0.005374156 0.999980748 -0.003097910 -0.885081172 -0.019109808 0.002994690 0.999812901 70.640426636
0.999677062 0.005227210 0.024868675 -1.713961124 -0.005161087 0.999982893 -0.002722375 -0.889439702 -0.024882481 0.002593146 0.999687016 71.172073364
0.999513149 0.005321619 0.030742632 -1.696753263 -0.005243151 0.999982715 -0.002632485 -0.895236015 -0.030756112 0.002470016 0.999523878 71.706092834
0.999320567 0.005395222 0.036459420 -1.678701639 -0.005297265 0.999982119 -0.002782814 -0.899405003 -0.036473773 0.002587788 0.999331236 72.266365051
0.999088645 0.004592914 0.042436294 -1.651405573 -0.004461595 0.999984920 -0.003188681 -0.904420376 -0.042450301 0.002996441 0.999094069 72.826774597
0.998820245 0.003940970 0.048398562 -1.619846106 -0.003809907 0.999988794 -0.002799929 -0.909975350 -0.048409052 0.002612232 0.998824179 73.404129028
0.998530865 0.004403358 0.054004610 -1.589957952 -0.004290855 0.999988377 -0.002198977 -0.917897582 -0.054013666 0.001964020 0.998538256 73.997154236
0.998192847 0.004177713 0.059948407 -1.544835567 -0.004028719 0.999988437 -0.002606024 -0.920653820 -0.059958614 0.002359798 0.998198092 74.617294312
0.997832179 0.003642595 0.065709054 -1.497181892 -0.003488163 0.999990940 -0.002464816 -0.926425099 -0.065717436 0.002230269 0.997835815 75.242774963
0.997475863 0.003592125 0.070914797 -1.453424454 -0.003445778 0.999991715 -0.002185930 -0.931492209 -0.070922047 0.001936055 0.997480035 75.872322083
0.997063875 0.003503907 0.076493755 -1.402629852 -0.003376975 0.999992669 -0.001788669 -0.937796950 -0.076499462 0.001525100 0.997068465 76.506141663
0.996615350 0.003589092 0.082127631 -1.347272396 -0.003456574 0.999992490 -0.001755682 -0.941004753 -0.082133316 0.001465859 0.996620238 77.168167114
0.996184468 0.003130404 0.087216794 -1.287179470 -0.003042370 0.999994636 -0.001142278 -0.950063467 -0.087219924 0.000872574 0.996188700 77.830978394
0.995714307 0.003006335 0.092433348 -1.225492477 -0.002946594 0.999995351 -0.000782776 -0.959524572 -0.092435285 0.000507058 0.995718539 78.472877502
0.995326102 0.001956366 0.096551329 -1.157148838 -0.001885363 0.999997854 -0.000826611 -0.960397363 -0.096552730 0.000640713 0.995327652 79.160675049
0.995150089 0.000808275 0.098364949 -1.087296486 -0.000835387 0.999999642 0.000234440 -0.974530637 -0.098364726 -0.000315476 0.995150387 79.844451904
0.995005488 -0.000206871 0.099819921 -1.021580696 0.000179454 0.999999940 0.000283649 -0.978157163 -0.099819981 -0.000264319 0.995005429 80.540817261
0.994934916 -0.000476780 0.100520298 -0.955573082 0.000506479 0.999999821 -0.000269936 -0.986143470 -0.100520171 0.000319480 0.994934976 81.231948853
0.994982660 -0.000267252 0.100047298 -0.883781433 0.000330843 0.999999642 -0.000619015 -0.990648448 -0.100047112 0.000649009 0.994982481 81.956596375
0.995072365 -0.000300153 0.099150300 -0.809923172 0.000418126 0.999999225 -0.001169063 -0.994080901 -0.099149883 0.001204759 0.995071769 82.682563782
0.995223284 0.000181363 0.097624630 -0.744438171 -0.000025000 0.999998689 -0.001602900 -0.996499181 -0.097624786 0.001592803 0.995222092 83.420310974
0.995377660 -0.000594249 0.096036434 -0.670383453 0.000764483 0.999998212 -0.001735822 -1.009086490 -0.096035227 0.001801217 0.995376289 84.169502258
0.995561063 -0.001480545 0.094106443 -0.601690292 0.001638936 0.999997437 -0.001605838 -1.014480948 -0.094103836 0.001752944 0.995560884 84.938186646
0.995865226 -0.001601127 0.090828881 -0.532194614 0.001717523 0.999997795 -0.001203345 -1.024699807 -0.090826765 0.001354370 0.995865703 85.686264038
0.996210039 -0.002558338 0.086942717 -0.460913181 0.002694864 0.999995291 -0.001452973 -1.031214714 -0.086938582 0.001681765 0.996212244 86.485984802
0.996529162 -0.001965102 0.083220370 -0.409409046 0.002031629 0.999997795 -0.000714737 -1.039435863 -0.083218768 0.000881329 0.996530890 87.255180359
0.996944249 -0.002173389 0.078086711 -0.346466541 0.002143639 0.999997556 0.000464802 -1.043098211 -0.078087531 -0.000295992 0.996946454 88.058433533
0.997264802 -0.002319126 0.073874414 -0.295914173 0.002223314 0.999996543 0.001379153 -1.047736406 -0.073877372 -0.001211135 0.997266531 88.852630615
0.997668326 -0.002505765 0.068203025 -0.244178772 0.002361929 0.999994814 0.002189490 -1.054624200 -0.068208158 -0.002023294 0.997669101 89.642074585
0.997982979 -0.003197912 0.063401476 -0.199246883 0.003005254 0.999990582 0.003133846 -1.064402819 -0.063410901 -0.002936987 0.997983158 90.430992126
0.998354375 -0.003670690 0.057228081 -0.154439926 0.003475655 0.999987781 0.003507193 -1.072510004 -0.057240255 -0.003302516 0.998354971 91.219985962
0.998670995 -0.002971868 0.051451009 -0.121800423 0.002816441 0.999991238 0.003093111 -1.074526310 -0.051459745 -0.002944092 0.998670638 92.017738342
0.998909295 -0.003474629 0.046562962 -0.092528820 0.003332371 0.999989569 0.003132466 -1.080956936 -0.046573360 -0.002973885 0.998910427 92.773811340
0.999176323 -0.002594068 0.040495340 -0.068810463 0.002489850 0.999993503 0.002623791 -1.084396243 -0.040501881 -0.002520802 0.999176264 93.560585022
0.999378920 -0.002361687 0.035157129 -0.050178766 0.002283133 0.999994874 0.002274350 -1.089563608 -0.035162318 -0.002192670 0.999379158 94.344787598
0.999569535 -0.002842792 0.029198401 -0.028061390 0.002759907 0.999992073 0.002878610 -1.100959659 -0.029206350 -0.002796786 0.999569476 95.103195190
0.999716043 -0.002421991 0.023705341 -0.015645504 0.002351189 0.999992669 0.003014171 -1.105683565 -0.023712469 -0.002957580 0.999714375 95.882591248
0.999828756 -0.001838287 0.018413700 -0.005720735 0.001777036 0.999992847 0.003342195 -1.112622976 -0.018419709 -0.003308901 0.999824822 96.624847412
0.999908745 -0.000986834 0.013467332 -0.009718537 0.000946354 0.999994993 0.003011861 -1.116013765 -0.013470236 -0.002998841 0.999904811 97.386367798
0.999969065 -0.002100064 0.007583136 -0.000321150 0.002073735 0.999991775 0.003478181 -1.127171040 -0.007590380 -0.003462348 0.999965191 98.129005432
0.999995172 -0.001924269 0.002445569 -0.005679712 0.001915863 0.999992192 0.003434733 -1.130743504 -0.002452159 -0.003430031 0.999991119 98.880752563
0.999993622 -0.002267073 -0.002756915 -0.008166909 0.002276762 0.999991238 0.003516434 -1.141310930 0.002748917 -0.003522688 0.999990046 99.634956360
0.999969959 -0.001728901 -0.007558189 -0.019481540 0.001754001 0.999992967 0.003315547 -1.148757458 0.007552405 -0.003328705 0.999965966 100.391044617
0.999932528 -0.001129912 -0.011562912 -0.029429913 0.001172366 0.999992609 0.003665432 -1.151477098 0.011558685 -0.003678741 0.999926448 101.130630493
0.999883711 -0.001061561 -0.015211860 -0.048544407 0.001114686 0.999993265 0.003484245 -1.154565096 0.015208064 -0.003500796 0.999878228 101.875869751
0.999828637 -0.001309187 -0.018464236 -0.067346573 0.001391851 0.999989092 0.004464855 -1.162775517 0.018458184 -0.004489790 0.999819577 102.612205505
0.999769628 -0.001701160 -0.021396512 -0.087535143 0.001802936 0.999987125 0.004738249 -1.172399640 0.021388175 -0.004775735 0.999759793 103.347976685
0.999714375 -0.001479386 -0.023849720 -0.107810497 0.001568198 0.999991894 0.003705512 -1.176946163 0.023844043 -0.003741856 0.999708712 104.086189270
0.999663234 -0.001077299 -0.025926931 -0.134541035 0.001151033 0.999995351 0.002829175 -1.184623003 0.025923755 -0.002858065 0.999659836 104.817680359
0.999630034 -0.000746684 -0.027190017 -0.160910606 0.000804662 0.999997437 0.002121436 -1.186612606 0.027188359 -0.002142530 0.999628007 105.556800842
0.999584854 -0.001090330 -0.028791223 -0.188671589 0.001164280 0.999996066 0.002551852 -1.194522142 0.028788326 -0.002584314 0.999582291 106.298637390
0.999542832 -0.001626566 -0.030188106 -0.214983940 0.001698974 0.999995708 0.002373079 -1.202780724 0.030184124 -0.002423283 0.999541402 107.053649902
0.999502182 -0.001605021 -0.031508457 -0.244046926 0.001660250 0.999997139 0.001726761 -1.206405163 0.031505585 -0.001778213 0.999502003 107.809799194
0.999458730 -0.000817775 -0.032887541 -0.274312973 0.000882513 0.999997616 0.001953996 -1.212170720 0.032885876 -0.001981962 0.999457121 108.576965332
0.999412358 -0.000850996 -0.034266870 -0.302173376 0.000905560 0.999998331 0.001576834 -1.215942383 0.034265473 -0.001606937 0.999411464 109.353675842
0.999368608 -0.000501888 -0.035525855 -0.334019661 0.000555388 0.999998689 0.001496091 -1.223886251 0.035525057 -0.001514877 0.999367654 110.126296997
0.999322414 -0.000146836 -0.036806431 -0.367945194 0.000207821 0.999998748 0.001653080 -1.230888844 0.036806136 -0.001659609 0.999321043 110.899803162
0.999282360 -0.000465289 -0.037875585 -0.403925657 0.000522251 0.999998748 0.001494052 -1.239981174 0.037874844 -0.001512761 0.999281287 111.680046082
0.999231994 0.000949791 -0.039172441 -0.441735983 -0.000913645 0.999999166 0.000940653 -1.245695472 0.039173301 -0.000904141 0.999231994 112.473091125
0.999178052 0.000599186 -0.040531319 -0.480744362 -0.000566258 0.999999523 0.000823887 -1.255035162 0.040531788 -0.000800259 0.999177933 113.269821167
0.999125361 0.000736207 -0.041807339 -0.522478580 -0.000704551 0.999999464 0.000771919 -1.261321425 0.041807886 -0.000741789 0.999125361 114.072013855
0.999051034 0.000521329 -0.043552414 -0.563179493 -0.000494797 0.999999702 0.000619984 -1.265668392 0.043552715 -0.000597846 0.999050975 114.887687683
0.998965025 -0.000021493 -0.045484919 -0.603688240 0.000063086 0.999999583 0.000912994 -1.271425605 0.045484878 -0.000914919 0.998964608 115.702651978
0.998847365 0.000166099 -0.047998447 -0.647970676 -0.000103963 0.999999166 0.001297031 -1.277312279 0.047998633 -0.001290546 0.998846591 116.532585144
0.998726428 -0.000409941 -0.050450057 -0.692285538 0.000449462 0.999999702 0.000772027 -1.280993104 0.050449722 -0.000793720 0.998726308 117.368774414
0.998602748 -0.000262120 -0.052844465 -0.741778851 0.000318266 0.999999344 0.001054073 -1.289527774 0.052844163 -0.001069419 0.998602152 118.218360901
0.998473167 -0.000830579 -0.055231944 -0.792974472 0.000842662 0.999999583 0.000195479 -1.295184851 0.055231765 -0.000241723 0.998473525 119.060813904
0.998333812 -0.000876928 -0.057695553 -0.846821785 0.000872545 0.999999642 -0.000101156 -1.302148104 0.057695620 0.000050645 0.998334229 119.914611816
0.998211026 -0.001029390 -0.059779834 -0.902774334 0.001011341 0.999999404 -0.000332179 -1.310281396 0.059780136 0.000271127 0.998211503 120.780982971
0.998091042 -0.000420970 -0.061757538 -0.964037418 0.000392837 0.999999762 -0.000467687 -1.318476558 0.061757721 0.000442533 0.998091102 121.656021118
0.997991085 0.000109999 -0.063354455 -1.027970791 -0.000127449 0.999999940 -0.000271390 -1.324962854 0.063354440 0.000278919 0.997991025 122.538085938
0.997875988 -0.000154212 -0.065141171 -1.087866306 0.000165905 0.999999940 0.000174090 -1.333793163 0.065141134 -0.000184527 0.997875988 123.424423218
0.997758329 0.000831443 -0.066915303 -1.157035351 -0.000812903 0.999999642 0.000304297 -1.334061027 0.066915527 -0.000249219 0.997758627 124.319923401
0.997631252 0.000598724 -0.068787031 -1.223962307 -0.000594710 0.999999821 0.000078838 -1.339765310 0.068787061 -0.000037743 0.997631371 125.226325989
0.997514248 0.000514735 -0.070462674 -1.296000957 -0.000470186 0.999999702 0.000648826 -1.350918770 0.070462979 -0.000614082 0.997514188 126.113166809
0.997356057 -0.000301453 -0.072669670 -1.367686749 0.000310660 1.000000000 0.000115391 -1.360298038 0.072669633 -0.000137662 0.997356057 127.024848938
0.997241855 -0.000693985 -0.074217603 -1.447650909 0.000701863 0.999999702 0.000080053 -1.370144129 0.074217528 -0.000131923 0.997242093 127.929771423
0.997079670 -0.000646343 -0.076364703 -1.516408920 0.000593717 0.999999523 -0.000711834 -1.367585659 0.076365128 0.000664417 0.997079730 128.864273071
0.996955216 -0.000413138 -0.077974461 -1.598556519 0.000477339 0.999999583 0.000804730 -1.385200143 0.077974088 -0.000839500 0.996955037 129.783737183
0.996823132 -0.000791436 -0.079643182 -1.681613922 0.000832104 0.999999583 0.000477435 -1.393386126 0.079642765 -0.000542190 0.996823370 130.713104248
0.996680379 -0.000395426 -0.081413455 -1.762012482 0.000456114 0.999999642 0.000726830 -1.396570325 0.081413150 -0.000761551 0.996680200 131.651611328
0.996635914 -0.000329094 -0.081957489 -1.846249580 0.000483918 0.999998152 0.001869222 -1.407966018 0.081956737 -0.001902594 0.996634007 132.573593140
0.996508062 0.000376423 -0.083495982 -1.931223869 -0.000179193 0.999997199 0.002369627 -1.414386868 0.083496638 -0.002346390 0.996505320 133.512283325
0.996490061 0.001171443 -0.083703093 -2.037171364 -0.000963969 0.999996424 0.002519060 -1.420054674 0.083705738 -0.002429531 0.996487617 134.429260254
0.996470690 0.002502105 -0.083903991 -2.109221458 -0.002262251 0.999993026 0.002953619 -1.430942297 0.083910808 -0.002753383 0.996469378 135.392044067
0.996489644 0.001678274 -0.083698571 -2.208085060 -0.001404633 0.999993443 0.003328144 -1.442994833 0.083703615 -0.003198895 0.996485591 136.311645508
0.996485233 0.002801168 -0.083721161 -2.283000946 -0.002601049 0.999993503 0.002499270 -1.451315403 0.083727613 -0.002272723 0.996486068 137.229034424
0.996585846 0.001739404 -0.082544699 -2.406137466 -0.001468454 0.999993384 0.003343052 -1.479728341 0.082549974 -0.003210425 0.996581733 138.082824707
0.996637702 0.003054505 -0.081876978 -2.516029358 -0.002897249 0.999993742 0.002039379 -1.480567336 0.081882693 -0.001795304 0.996640325 138.935272217
0.996683478 0.003435820 -0.081302375 -2.619385719 -0.003312702 0.999993145 0.001649159 -1.491490245 0.081307501 -0.001374359 0.996688068 139.830413818
0.996656835 0.003885752 -0.081608802 -2.713599205 -0.003763536 0.999991536 0.001651341 -1.505865693 0.081614517 -0.001338682 0.996663153 140.744216919
0.996638298 0.004077930 -0.081825987 -2.774853706 -0.003920509 0.999990165 0.002084426 -1.508706331 0.081833676 -0.001756620 0.996644378 141.726287842
0.996648967 0.006140182 -0.081567325 -2.866292000 -0.005971389 0.999979556 0.002313143 -1.515125632 0.081579857 -0.001818321 0.996665120 142.654647827
0.996646643 0.005037884 -0.081670336 -2.938259125 -0.004854746 0.999985158 0.002440824 -1.528318405 0.081681438 -0.002036149 0.996656358 143.593597412
0.996675670 0.005154539 -0.081308953 -3.024001122 -0.004930584 0.999983490 0.002954907 -1.535958052 0.081322849 -0.002544184 0.996684611 144.530380249
0.996693850 0.004414896 -0.081130058 -3.107046127 -0.004144725 0.999985278 0.003498198 -1.553478956 0.081144318 -0.003150371 0.996697307 145.448516846
0.996745229 0.004827213 -0.080470480 -3.196289062 -0.004560818 0.999983490 0.003493935 -1.565495014 0.080486014 -0.003115552 0.996750832 146.377105713
